ListWorksALL: 0:00:19.857512
StAnWorks_install_pvs: 0:00:09.815656
StAnWorks_install_oint: 0:12:11.752302
StAnWorks_install_cppc: 0:04:21.235536
StAnWorks_install_cc: 0:01:09.830228
StAnWorks_install_cq: 0:00:27.648427
