ListWorksALL: 0:00:26.258779
StAnWorks_install_pvs: 0:00:09.424555
StAnWorks_install_oint: 0:14:03.622995
StAnWorks_install_cppc: 0:00:21.461547
StAnWorks_install_cc: 0:04:32.275593
