ListWorksALL: 0:00:32.577361
StAnWorks_install_pvs: 0:00:08.113079
StAnWorks_install_oint: 0:10:58.448309
StAnWorks_install_cppc: 0:00:17.678717
StAnWorks_install_cc: 0:03:32.821401
StAnWorks_install_cq: 0:01:06.751146
