ListWorksALL: 0:02:02.330788
StAnWorks_install_pvs: 0:00:09.939292
StAnWorks_install_oint: 0:12:14.688966
StAnWorks_install_cppc: 0:04:18.200794
StAnWorks_install_cc: 0:00:47.872409
