ListWorksALL: 0:02:09.948266
StAnWorks_install_pvs: 0:00:13.132910
StAnWorks_install_oint: 0:11:41.342656
StAnWorks_install_cppc: 0:04:08.807373
StAnWorks_install_cc: 0:03:10.977606
