ListWorksALL: 0:01:56.212388
StAnWorks_install_pvs: 0:00:27.224993
StAnWorks_install_oint: 0:09:36.512526
StAnWorks_install_cppc: 0:03:38.358160
StAnWorks_install_cc: 0:03:21.109151
