ListWorksALL: 0:02:12.182009
StAnWorks_install_pvs: 0:00:38.201904
StAnWorks_install_oint: 0:11:34.459197
StAnWorks_install_cppc: 0:04:11.927094
StAnWorks_install_cc: 0:03:21.727733
