ListWorksALL: 0:02:18.153311
StAnWorks_install_pvs: 0:00:11.361511
StAnWorks_install_oint: 0:14:14.759033
StAnWorks_install_cppc: 0:04:50.505749
StAnWorks_install_cc: 0:03:49.033825
