ListWorksALL: 0:00:23.779740
StAnWorks_install_pvs: 0:00:07.822016
StAnWorks_install_oint: 0:10:31.971680
StAnWorks_install_cppc: 0:03:53.608518
StAnWorks_install_cc: 0:03:33.756683
StAnWorks_install_cq: 0:00:27.783815
StAnWorks_works_pvs_on_newDesc230722p1: 0:00:00.000012
StAnWorks_works_cq_on_newDesc230722p1: 0:00:00.000012
StAnWorks_works_oint_on_newDesc230722p1: 0:01:19.833237
StAnWorks_works_cc_on_newDesc230722p1: 0:00:00.000012
StAnWorks_install_pvs: 0:00:20.233678
StAnWorks_install_cq: 0:00:29.029951
StAnWorks_works_pvs_on_newDesc230722p1: 0:00:00.000016
StAnWorks_works_cq_on_newDesc230722p1: 1:49:56.467260
StAnWorks_install_pvs: 0:00:23.160571
StAnWorks_install_cq: 0:00:51.943989
StAnWorks_works_pvs_on_m080722p17: 0:33:54.282462
StAnWorks_works_cq_on_m080722p17: 4:00:51.951620
StAnWorks_install_pvs: 0:00:44.670604
StAnWorks_install_cq: 0:00:38.428817
