ListWorksALL: 0:02:14.836004
StAnWorks_install_pvs: 0:00:25.107798
StAnWorks_install_oint: 0:12:01.250141
StAnWorks_install_cppc: 0:04:32.915015
StAnWorks_install_cc: 0:03:13.307371
StAnWorks_install_cq: 0:00:19.722063
StAnWorks_works_pvs_on_test4_1: 0:23:51.575792
StAnWorks_works_oint_on_test4_1: 0:00:00.000018
StAnWorks_works_cc_on_test4_1: 4:02:17.545416
