ListWorksALL: 0:00:36.705172
StAnWorks_install_pvs: 0:00:07.936201
StAnWorks_install_oint: 0:10:31.732175
StAnWorks_install_cppc: 0:00:17.086377
StAnWorks_install_cc: 0:03:30.820825
StAnWorks_install_cq: 0:00:30.216371
StAnWorks_works_pvs_on_m060822p2: 0:00:00.000012
StAnWorks_works_cq_on_m060822p2: 0:00:00.000012
StAnWorks_works_oint_on_m060822p2: 2:54:47.334641
StAnWorks_install_pvs: 0:00:24.768656
StAnWorks_install_cq: 0:01:03.082208
