ListWorksALL: 0:02:05.546958
StAnWorks_install_pvs: 0:00:09.448433
StAnWorks_install_oint: 0:12:34.275495
StAnWorks_install_cppc: 0:04:18.622719
StAnWorks_install_cc: 0:03:33.409385
StAnWorks_install_cq: 0:00:19.326627
