ListWorksALL: 0:01:58.330453
StAnWorks_install_pvs: 0:00:08.680376
StAnWorks_install_oint: 0:09:50.811077
StAnWorks_install_cppc: 0:03:32.219231
StAnWorks_install_cc: 0:02:45.431721
StAnWorks_install_cq: 0:00:17.182337
StAnWorks_works_pvs_on_290321oft3: 0:00:00.000010
StAnWorks_works_oint_on_290321oft3: 0:02:06.669670
