ListWorksALL: 0:00:43.522073
StAnWorks_install_pvs: 0:00:08.853513
StAnWorks_install_oint: 0:10:52.974181
StAnWorks_install_cppc: 0:00:16.843718
StAnWorks_install_cc: 0:03:37.984699
StAnWorks_install_cq: 0:00:29.653833
