ListWorksALL: 0:00:17.126048
StAnWorks_install_pvs: 0:00:07.269828
StAnWorks_install_oint: 0:10:28.128854
StAnWorks_install_cppc: 0:03:49.362572
StAnWorks_install_cc: 0:00:58.635625
StAnWorks_install_cq: 0:00:24.938812
