ListWorksALL: 0:01:45.451759
StAnWorks_install_pvs: 0:00:10.856426
StAnWorks_install_oint: 0:10:27.701954
StAnWorks_install_cppc: 0:03:52.670424
StAnWorks_install_cc: 0:02:33.595765
StAnWorks_install_cq: 0:00:17.158676
