ListWorksALL: 0:02:13.174947
StAnWorks_install_pvs: 0:00:14.582355
StAnWorks_install_oint: 0:13:43.206639
StAnWorks_install_cppc: 0:04:42.788909
StAnWorks_install_cc: 0:03:49.978525
