ListWorksALL: 0:02:09.200524
StAnWorks_install_pvs: 0:00:09.882197
StAnWorks_install_oint: 0:12:51.562186
StAnWorks_install_cppc: 0:04:32.900988
StAnWorks_install_cc: 0:03:14.341428
StAnWorks_install_cq: 0:00:20.837961
StAnWorks_works_pvs_on_210321oft3: 0:00:00.000014
