ListWorksALL: 0:00:21.943734
StAnWorks_install_pvs: 0:00:07.854023
StAnWorks_install_oint: 0:10:32.823064
StAnWorks_install_cppc: 0:03:48.287365
StAnWorks_install_cc: 0:03:18.555872
