ListWorksALL: 0:02:05.332483
StAnWorks_install_pvs: 0:00:11.212548
StAnWorks_install_oint: 0:10:56.554418
StAnWorks_install_cppc: 0:04:03.668101
StAnWorks_install_cc: 0:02:45.868054
