ListWorksALL: 0:01:35.409245
StAnWorks_install_pvs: 0:00:11.116767
StAnWorks_install_oint: 0:09:41.033215
StAnWorks_install_cppc: 0:03:49.737441
StAnWorks_install_cc: 0:03:28.722810
StAnWorks_install_cq: 0:00:20.805507
StAnWorks_works_pvs_on_220221oft: 0:00:00.000025
StAnWorks_works_oint_on_220221oft: 0:02:05.043664
StAnWorks_works_cc_on_220221oft: 1:07:27.370047
StAnWorks_works_cppc_on_220221oft: 4:01:57.193923
