ListWorksALL: 0:02:07.467526
StAnWorks_install_pvs: 0:00:13.593102
StAnWorks_install_oint: 0:12:35.083541
StAnWorks_install_cppc: 0:04:27.443710
StAnWorks_install_cc: 0:03:08.288085
StAnWorks_install_cq: 0:00:18.206584
