ListWorksALL: 0:01:52.085662
StAnWorks_install_pvs: 0:00:09.796802
StAnWorks_install_oint: 0:09:32.466636
StAnWorks_install_cppc: 0:03:18.904111
StAnWorks_install_cc: 0:02:32.293590
StAnWorks_install_cq: 0:00:14.036235
