ListWorksALL: 0:02:17.147687
StAnWorks_install_pvs: 0:00:14.175165
StAnWorks_install_oint: 0:11:11.742699
StAnWorks_install_cppc: 0:04:12.869239
StAnWorks_install_cc: 0:02:51.121376
