ListWorksALL: 0:02:13.553200
StAnWorks_install_pvs: 0:00:11.331597
StAnWorks_install_oint: 0:12:13.684277
StAnWorks_install_cppc: 0:04:17.514233
StAnWorks_install_cc: 0:03:22.284162
