ListWorksALL: 0:02:27.100048
StAnWorks_install_pvs: 0:00:11.479248
StAnWorks_install_oint: 0:10:43.791635
StAnWorks_install_cppc: 0:03:50.107416
StAnWorks_install_cc: 0:03:19.259497
StAnWorks_install_cq: 0:00:16.910190
