ListWorksALL: 0:02:10.706640
StAnWorks_install_pvs: 0:00:11.068006
StAnWorks_install_oint: 0:11:28.691496
StAnWorks_install_cppc: 0:04:17.752509
StAnWorks_install_cc: 0:03:06.072845
StAnWorks_install_cq: 0:00:17.180984
StAnWorks_works_pvs_on_test4: 0:00:00.000018
StAnWorks_works_oint_on_test4: 0:09:35.161538
StAnWorks_works_cc_on_test4: 0:00:00.000011
StAnWorks_works_cppc_on_test4: 4:02:17.210133
