ListWorksALL: 0:00:28.225719
StAnWorks_install_pvs: 0:00:07.739814
StAnWorks_install_oint: 0:10:53.730363
StAnWorks_install_cppc: 0:03:48.056160
StAnWorks_install_cc: 0:03:34.052956
StAnWorks_install_cq: 0:00:28.949917
