ListWorksALL: 0:01:48.395097
StAnWorks_install_pvs: 0:00:10.750036
StAnWorks_install_oint: 0:12:32.423117
StAnWorks_install_cppc: 0:04:23.690367
StAnWorks_install_cc: 0:02:56.569062
