ListWorksALL: 0:00:29.189817
StAnWorks_install_pvs: 0:00:07.822375
StAnWorks_install_oint: 0:10:44.165273
StAnWorks_install_cppc: 0:03:41.925385
StAnWorks_install_cc: 0:03:29.962843
StAnWorks_install_cq: 0:00:28.867819
StAnWorks_works_pvs_on_m060822p2: 0:00:00.000013
StAnWorks_install_pvs: 0:00:20.236912
StAnWorks_install_cq: 0:00:29.049799
StAnWorks_install_pvs: 0:00:22.097296
StAnWorks_install_cq: 0:00:33.584171
