ListWorksALL: 0:00:52.998519
StAnWorks_install_pvs: 0:00:14.494944
StAnWorks_install_oint: 0:14:48.108777
StAnWorks_install_cppc: 0:04:58.970550
StAnWorks_install_cc: 0:04:42.139398
StAnWorks_install_cq: 0:01:27.758066
StAnWorks_works_pvs_on_m060822p2: 0:00:00.000019
StAnWorks_works_cq_on_m060822p2: 0:00:00.000016
