ListWorksALL: 0:00:34.068040
StAnWorks_install_pvs: 0:00:08.408420
StAnWorks_install_oint: 0:10:37.194957
StAnWorks_install_cppc: 0:03:47.641215
StAnWorks_install_cc: 0:03:21.515408
StAnWorks_install_cq: 0:00:38.452304
StAnWorks_works_pvs_on_200522p10: 0:00:00.000013
