ListWorksALL: 0:02:16.790033
StAnWorks_install_pvs: 0:00:14.118495
StAnWorks_install_oint: 0:12:28.542432
StAnWorks_install_cppc: 0:04:19.612112
StAnWorks_install_cc: 0:02:52.985617
StAnWorks_install_cq: 0:00:20.185826
