ListWorksALL: 0:02:01.086583
StAnWorks_install_pvs: 0:00:08.695566
StAnWorks_install_oint: 0:09:51.774046
StAnWorks_install_cppc: 0:03:23.206091
StAnWorks_install_cc: 0:02:41.317522
StAnWorks_install_cq: 0:00:17.374486
StAnWorks_works_pvs_on_210321oft3: 0:00:00.000018
StAnWorks_works_oint_on_210321oft3: 0:00:00.000010
StAnWorks_works_cc_on_210321oft3: 0:00:00.000010
StAnWorks_works_cppc_on_210321oft3: 4:02:08.646603
