ListWorksALL: 0:02:22.303203
StAnWorks_install_pvs: 0:00:11.596372
StAnWorks_install_oint: 0:13:10.221358
StAnWorks_install_cppc: 0:04:23.183412
StAnWorks_install_cc: 0:03:37.459459
