ListWorksALL: 0:02:02.281491
StAnWorks_install_pvs: 0:00:12.711027
StAnWorks_install_oint: 0:10:21.577584
StAnWorks_install_cppc: 0:03:47.199855
StAnWorks_install_cc: 0:02:35.664091
