ListWorksALL: 0:00:07.497048
StAnWorks_install_pvs: 0:00:07.815759
StAnWorks_install_oint: 0:11:10.282082
StAnWorks_install_cppc: 0:03:31.131132
StAnWorks_install_cc: 0:03:06.515995
StAnWorks_install_cq: 0:01:01.416159
StAnWorks_works_pvs_on_m010722p16: 0:20:16.485600
StAnWorks_works_cq_on_m010722p16: 0:34:23.887240
StAnWorks_works_oint_on_m010722p16: 0:08:24.951786
StAnWorks_works_cc_on_m010722p16: 0:39:34.995489
