ListWorksALL: 0:00:21.602340
StAnWorks_install_pvs: 0:00:09.089553
StAnWorks_install_oint: 0:10:41.084280
StAnWorks_install_cppc: 0:00:16.116161
StAnWorks_install_cc: 0:03:29.108108
