ListWorksALL: 0:02:01.069966
StAnWorks_install_pvs: 0:00:13.820370
StAnWorks_install_oint: 0:11:55.556085
StAnWorks_install_cppc: 0:04:09.919978
StAnWorks_install_cc: 0:02:47.307843
