ListWorksALL: 0:02:13.787479
StAnWorks_install_pvs: 0:00:03.696254
StAnWorks_install_oint: 0:13:51.011674
StAnWorks_install_cppc: 0:04:48.317305
StAnWorks_install_cc: 0:03:57.918193
