ListWorksALL: 0:00:20.434842
StAnWorks_install_pvs: 0:00:07.652163
StAnWorks_install_oint: 0:08:25.392897
StAnWorks_install_cppc: 0:00:18.722572
StAnWorks_install_cc: 0:03:13.426724
StAnWorks_install_cq: 0:00:34.363464
StAnWorks_works_pvs_on_m200822p4: 0:00:00.000011
StAnWorks_works_cq_on_m200822p4: 0:00:00.000009
StAnWorks_works_oint_on_m200822p4: 0:07:45.866143
