ListWorksALL: 0:02:13.731423
StAnWorks_install_pvs: 0:00:13.865015
StAnWorks_install_oint: 0:11:36.441995
StAnWorks_install_cppc: 0:04:05.886665
StAnWorks_install_cc: 0:02:50.915206
StAnWorks_install_cq: 0:00:20.094507
