ListWorksALL: 0:02:20.848346
StAnWorks_install_pvs: 0:00:13.241891
StAnWorks_install_oint: 0:12:51.739992
StAnWorks_install_cppc: 0:04:57.998272
StAnWorks_install_cc: 0:03:15.964660
StAnWorks_install_cq: 0:00:18.633849
