ListWorksALL: 0:02:02.027919
StAnWorks_install_pvs: 0:00:18.749967
StAnWorks_install_oint: 0:12:45.935326
StAnWorks_install_cppc: 0:04:31.368005
StAnWorks_install_cc: 0:03:05.945896
StAnWorks_install_cq: 0:00:22.177024
StAnWorks_works_pvs_on_test1: 0:00:00.000014
StAnWorks_works_oint_on_test1: 0:03:39.376998
