ListWorksALL: 0:02:03.051873
StAnWorks_install_pvs: 0:00:18.631500
StAnWorks_install_oint: 0:12:59.059811
StAnWorks_install_cppc: 0:04:45.647445
StAnWorks_install_cc: 0:03:10.547594
