ListWorksALL: 0:02:11.639818
StAnWorks_install_pvs: 0:00:13.107831
StAnWorks_install_oint: 0:14:01.384481
StAnWorks_install_cppc: 0:04:52.811751
StAnWorks_install_cc: 0:03:52.430898
