ListWorksALL: 0:02:09.915195
StAnWorks_install_pvs: 0:00:10.589395
StAnWorks_install_oint: 0:13:19.263633
StAnWorks_install_cppc: 0:04:32.384316
StAnWorks_install_cc: 0:03:42.133589
StAnWorks_install_cq: 0:00:20.512187
StAnWorks_works_pvs_on_newtest3: 0:00:00.000017
StAnWorks_works_oint_on_newtest3: 0:00:00.000026
StAnWorks_works_cc_on_newtest3: 0:00:00.000014
