ListWorksALL: 0:01:58.014546
StAnWorks_install_pvs: 0:00:49.788622
StAnWorks_install_oint: 0:10:43.212461
StAnWorks_install_cppc: 0:03:39.293204
StAnWorks_install_cc: 0:02:45.590539
