ListWorksALL: 0:02:11.712039
StAnWorks_install_pvs: 0:00:11.409953
StAnWorks_install_oint: 0:13:11.996657
StAnWorks_install_cppc: 0:04:35.142010
StAnWorks_install_cc: 0:03:33.277248
StAnWorks_install_cq: 0:00:19.769766
