ListWorksALL: 0:00:46.145691
StAnWorks_install_pvs: 0:00:09.602582
StAnWorks_install_oint: 0:14:31.349867
StAnWorks_install_cppc: 0:05:08.325197
StAnWorks_install_cc: 0:04:54.444352
StAnWorks_install_cq: 0:00:34.996209
