ListWorksALL: 0:00:50.194829
StAnWorks_install_pvs: 0:00:08.114904
StAnWorks_install_oint: 0:10:51.852556
StAnWorks_install_cppc: 0:03:50.958622
StAnWorks_install_cc: 0:03:34.177245
StAnWorks_install_cq: 0:00:29.603710
StAnWorks_works_pvs_on_m060822p2: 0:00:00.000013
