ListWorksALL: 0:02:01.097728
StAnWorks_install_pvs: 0:00:16.937524
StAnWorks_install_oint: 0:11:26.449957
StAnWorks_install_cppc: 0:04:16.798652
StAnWorks_install_cc: 0:02:51.834726
