ListWorksALL: 0:02:02.615308
StAnWorks_install_pvs: 0:00:08.709700
StAnWorks_install_oint: 0:12:13.470360
StAnWorks_install_cppc: 0:04:00.143255
StAnWorks_install_cc: 0:03:12.776260
