ListWorksALL: 0:02:01.416575
StAnWorks_install_pvs: 0:00:07.847301
StAnWorks_install_oint: 0:11:42.450084
StAnWorks_install_cppc: 0:03:51.604364
StAnWorks_install_cc: 0:03:03.971872
