ListWorksALL: 0:01:13.219856
StAnWorks_install_pvs: 0:00:14.266679
StAnWorks_install_oint: 0:09:46.644148
StAnWorks_install_cppc: 0:03:55.508743
StAnWorks_install_cc: 0:03:26.510084
StAnWorks_install_cq: 0:00:18.530487
StAnWorks_works_pvs_on_test1: 0:00:00.000023
StAnWorks_works_oint_on_test1: 0:02:40.569919
