ListWorksALL: 0:00:56.374649
StAnWorks_install_pvs: 0:00:08.299426
StAnWorks_install_oint: 0:10:57.217238
StAnWorks_install_cppc: 0:00:16.454423
StAnWorks_install_cc: 0:03:39.612172
StAnWorks_install_cq: 0:00:31.497160
StAnWorks_works_pvs_on_m060822p2: 4:01:13.994380
StAnWorks_install_pvs: 0:00:43.162095
StAnWorks_install_cq: 0:00:45.378076
