ListWorksALL: 0:02:06.618881
StAnWorks_install_pvs: 0:00:11.140475
StAnWorks_install_oint: 0:12:10.115985
StAnWorks_install_cppc: 0:04:06.511091
StAnWorks_install_cc: 0:00:48.731112
StAnWorks_install_cq: 0:00:21.096878
