ListWorksALL: 0:01:58.121465
StAnWorks_install_pvs: 0:00:10.048841
StAnWorks_install_oint: 0:08:23.849869
StAnWorks_install_cppc: 0:03:21.954029
StAnWorks_install_cc: 0:03:03.602743
StAnWorks_install_cq: 0:00:20.293625
StAnWorks_works_pvs_on_280221oft: 0:00:00.000045
StAnWorks_works_oint_on_280221oft: 0:02:11.557118
StAnWorks_works_cc_on_280221oft: 0:00:00.000017
StAnWorks_works_cppc_on_280221oft: 0:00:00.000020
