ListWorksALL: 0:01:34.674835
StAnWorks_install_pvs: 0:00:15.153576
StAnWorks_install_oint: 0:09:07.736564
StAnWorks_install_cppc: 0:03:51.010302
StAnWorks_install_cc: 0:03:17.357649
