ListWorksALL: 0:02:05.109099
StAnWorks_install_pvs: 0:00:10.322361
StAnWorks_install_oint: 0:12:34.031899
StAnWorks_install_cppc: 0:04:14.744241
StAnWorks_install_cc: 0:03:38.782410
StAnWorks_install_cq: 0:00:18.475597
StAnWorks_works_pvs_on_test5: 0:00:00.000013
StAnWorks_works_oint_on_test5: 0:02:44.550107
StAnWorks_works_cc_on_test5: 0:00:00.000016
StAnWorks_works_cppc_on_test5: 0:00:00.000018
StAnWorks_works_cq_on_test5: 1:00:51.056475
StAnWorks_works_pvs_on_test4_1: 0:39:54.736397
