ListWorksALL: 0:01:31.522251
StAnWorks_install_pvs: 0:00:15.088209
StAnWorks_install_oint: 0:08:24.836806
StAnWorks_install_cppc: 0:03:23.689272
StAnWorks_install_cc: 0:02:59.693728
StAnWorks_install_cq: 0:00:18.156973
StAnWorks_works_pvs_on_test4: 0:00:00.000035
StAnWorks_works_oint_on_test4: 0:08:09.974091
StAnWorks_works_cc_on_test4: 0:00:00.000018
