ListWorksALL: 0:02:09.534851
StAnWorks_install_pvs: 0:00:12.655084
StAnWorks_install_oint: 0:13:04.489300
StAnWorks_install_cppc: 0:04:36.411741
StAnWorks_install_cc: 0:03:07.673495
