ListWorksALL: 0:02:19.109886
StAnWorks_install_pvs: 0:00:10.562977
StAnWorks_install_oint: 0:13:10.695098
StAnWorks_install_cppc: 0:04:28.171217
StAnWorks_install_cc: 0:03:31.523751
