ListWorksALL: 0:00:48.444798
StAnWorks_install_pvs: 0:00:07.815046
StAnWorks_install_oint: 0:10:46.448013
StAnWorks_install_cppc: 0:03:47.033197
StAnWorks_install_cc: 0:03:37.292402
StAnWorks_install_cq: 0:00:29.046238
StAnWorks_install_pvs: 0:00:33.521025
StAnWorks_install_cq: 0:00:29.145006
StAnWorks_works_pvs_on_newDesc230722p1: 4:01:01.112931
