ListWorksALL: 0:00:43.522073
StAnWorks_install_pvs: 0:00:08.853513
StAnWorks_install_oint: 0:10:52.974181
StAnWorks_install_cppc: 0:00:16.843718
StAnWorks_install_cc: 0:03:37.984699
StAnWorks_install_cq: 0:00:29.653833
StAnWorks_works_pvs_on_m060822p2: 4:00:59.735885
StAnWorks_install_pvs: 0:00:47.912989
StAnWorks_install_cq: 0:00:45.933742
