ListWorksALL: 0:00:26.221104
StAnWorks_install_pvs: 0:00:08.360113
StAnWorks_install_oint: 0:08:51.603173
StAnWorks_install_cppc: 0:00:19.366643
StAnWorks_install_cc: 0:03:23.346477
StAnWorks_install_cq: 0:00:34.080523
StAnWorks_works_pvs_on_m120822p3: 0:00:00.000011
