ListWorksALL: 0:02:12.294108
StAnWorks_install_pvs: 0:00:11.932509
StAnWorks_install_oint: 0:13:37.890395
StAnWorks_install_cppc: 0:04:36.569809
StAnWorks_install_cc: 0:03:47.104583
