ListWorksALL: 0:02:19.770343
StAnWorks_install_pvs: 0:00:13.591985
StAnWorks_install_oint: 0:11:34.909037
StAnWorks_install_cppc: 0:04:39.316357
StAnWorks_install_cc: 0:03:07.741255
StAnWorks_install_cq: 0:00:20.322302
StAnWorks_works_pvs_on_test6: 0:00:00.000013
StAnWorks_works_oint_on_test6: 0:00:00.000020
StAnWorks_works_cc_on_test6: 0:00:00.000012
