ListWorksALL: 0:02:19.109886
StAnWorks_install_pvs: 0:00:10.562977
StAnWorks_install_oint: 0:13:10.695098
StAnWorks_install_cppc: 0:04:28.171217
StAnWorks_install_cc: 0:03:31.523751
StAnWorks_install_cq: 0:00:27.923971
StAnWorks_works_pvs_on_290321oft3: 0:00:00.000015
StAnWorks_works_oint_on_290321oft3: 0:02:24.631346
StAnWorks_works_cc_on_290321oft3: 0:00:00.000013
