ListWorksALL: 0:02:01.445093
StAnWorks_install_pvs: 0:00:13.302211
StAnWorks_install_oint: 0:11:46.527845
StAnWorks_install_cppc: 0:03:47.264818
StAnWorks_install_cc: 0:03:27.983502
StAnWorks_install_cq: 0:00:17.143010
StAnWorks_works_pvs_on_100421oft4: 0:00:00.000013
StAnWorks_works_oint_on_100421oft4: 0:02:23.585109
StAnWorks_works_cc_on_100421oft4: 0:00:00.000012
StAnWorks_works_cppc_on_100421oft4: 0:24:32.128724
StAnWorks_works_cq_on_100421oft4: 0:28:43.970639
StAnWorks_works_pvs_on_290321oft3: 0:02:09.940886
