ListWorksALL: 0:00:31.884162
StAnWorks_install_pvs: 0:00:08.110080
StAnWorks_install_oint: 0:08:53.074208
StAnWorks_install_cppc: 0:00:17.768141
StAnWorks_install_cc: 0:03:25.700965
StAnWorks_install_cq: 0:00:32.622955
StAnWorks_works_pvs_on_m120822p3: 4:00:40.564532
StAnWorks_install_pvs: 0:00:25.830307
StAnWorks_install_cq: 0:00:34.791531
StAnWorks_works_pvs_on_m060822p2: 4:01:07.213521
StAnWorks_install_pvs: 0:00:28.329439
StAnWorks_install_cq: 0:00:33.975218
