ListWorksALL: 0:01:57.012589
StAnWorks_install_pvs: 0:00:08.003307
StAnWorks_install_oint: 0:10:02.796598
StAnWorks_install_cppc: 0:03:37.988033
StAnWorks_install_cc: 0:02:44.754244
StAnWorks_install_cq: 0:00:16.351388
StAnWorks_works_pvs_on_290321oft3: 0:00:00.000011
StAnWorks_works_oint_on_290321oft3: 0:02:08.668804
StAnWorks_works_cc_on_290321oft3: 0:00:00.000013
StAnWorks_works_cppc_on_290321oft3: 4:02:00.091302
