ListWorksALL: 0:00:08.923815
StAnWorks_install_pvs: 0:00:07.267162
StAnWorks_install_oint: 0:10:27.320115
StAnWorks_install_cppc: 0:03:51.575470
StAnWorks_install_cc: 0:03:36.889777
