ListWorksALL: 0:01:49.820995
StAnWorks_install_pvs: 0:00:10.399694
StAnWorks_install_oint: 0:09:13.347283
StAnWorks_install_cppc: 0:03:37.477980
StAnWorks_install_cc: 0:03:19.019064
