ListWorksALL: 0:02:09.231128
StAnWorks_install_pvs: 0:00:08.716820
StAnWorks_install_oint: 0:12:04.606647
StAnWorks_install_cppc: 0:03:59.709064
StAnWorks_install_cc: 0:00:42.416160
StAnWorks_install_cq: 0:00:16.422306
StAnWorks_works_pvs_on_test6: 0:00:00.000013
StAnWorks_works_oint_on_test6: 0:00:00.000011
