ListWorksALL: 0:01:54.267096
StAnWorks_install_pvs: 0:00:13.104145
StAnWorks_install_oint: 0:13:22.757543
StAnWorks_install_cppc: 0:04:42.829043
StAnWorks_install_cc: 0:03:06.666406
