ListWorksALL: 0:00:17.312994
StAnWorks_install_pvs: 0:00:07.539095
StAnWorks_install_oint: 0:13:35.904406
StAnWorks_install_cppc: 0:03:44.685375
StAnWorks_install_cc: 0:13:02.882992
StAnWorks_install_cq: 0:00:24.508406
