ListWorksALL: 0:00:40.802877
StAnWorks_install_pvs: 0:00:09.687661
StAnWorks_install_oint: 0:10:29.698422
StAnWorks_install_cppc: 0:00:17.151834
StAnWorks_install_cc: 0:03:28.080973
