ListWorksALL: 0:02:16.252773
StAnWorks_install_pvs: 0:00:12.656217
StAnWorks_install_oint: 0:11:11.983733
StAnWorks_install_cppc: 0:04:11.032622
StAnWorks_install_cc: 0:00:45.481098
