ListWorksALL: 0:01:06.598402
StAnWorks_install_pvs: 0:00:08.577424
StAnWorks_install_oint: 0:10:05.362323
StAnWorks_install_cppc: 0:00:18.536245
StAnWorks_install_cc: 0:03:20.885852
StAnWorks_install_cq: 0:00:30.013126
