ListWorksALL: 0:02:05.109099
StAnWorks_install_pvs: 0:00:10.322361
StAnWorks_install_oint: 0:12:34.031899
StAnWorks_install_cppc: 0:04:14.744241
StAnWorks_install_cc: 0:03:38.782410
