ListWorksALL: 0:02:22.303203
StAnWorks_install_pvs: 0:00:11.596372
StAnWorks_install_oint: 0:13:10.221358
StAnWorks_install_cppc: 0:04:23.183412
StAnWorks_install_cc: 0:03:37.459459
StAnWorks_install_cq: 0:00:18.656778
StAnWorks_works_pvs_on_150321oft2: 0:00:00.000015
StAnWorks_works_oint_on_150321oft2: 1:07:03.356967
StAnWorks_works_cc_on_150321oft2: 0:00:00.000014
