ListWorksALL: 0:02:13.198892
StAnWorks_install_pvs: 0:00:10.534439
StAnWorks_install_oint: 0:11:48.461638
StAnWorks_install_cppc: 0:03:56.833994
StAnWorks_install_cc: 0:00:41.479075
StAnWorks_install_cq: 0:00:18.362607
StAnWorks_works_pvs_on_test1: 0:00:00.000013
StAnWorks_works_oint_on_test1: 0:02:55.830155
StAnWorks_works_cc_on_test1: 0:00:00.000013
StAnWorks_works_cppc_on_test1: 4:02:25.485769
