ListWorksALL: 0:02:12.875363
StAnWorks_install_pvs: 0:00:09.558158
StAnWorks_install_oint: 0:11:33.902342
StAnWorks_install_cppc: 0:04:12.145293
StAnWorks_install_cc: 0:03:12.248349
StAnWorks_install_cq: 0:00:16.851833
StAnWorks_works_pvs_on_210321oft3: 0:00:00.000019
