ListWorksALL: 0:02:05.591099
StAnWorks_install_pvs: 0:00:09.728154
StAnWorks_install_oint: 0:12:42.020564
StAnWorks_install_cppc: 0:04:18.700996
StAnWorks_install_cc: 0:03:30.973726
StAnWorks_install_cq: 0:00:19.413005
StAnWorks_works_pvs_on_220221oft: 0:00:00.000015
StAnWorks_works_oint_on_220221oft: 0:02:30.228607
StAnWorks_works_cc_on_220221oft: 0:00:00.000015
StAnWorks_works_cppc_on_220221oft: 4:02:10.751119
