ListWorksALL: 0:00:32.264949
StAnWorks_install_pvs: 0:00:07.970261
StAnWorks_install_oint: 0:12:37.583610
StAnWorks_install_cppc: 0:04:11.885705
StAnWorks_install_cc: 0:04:00.098338
