ListWorksALL: 0:00:45.564302
StAnWorks_install_pvs: 0:00:08.919065
StAnWorks_install_oint: 0:10:39.224894
StAnWorks_install_cppc: 0:00:17.868047
StAnWorks_install_cc: 0:03:19.088850
StAnWorks_install_cq: 0:00:31.434292
StAnWorks_works_pvs_on_m200822p4: 0:00:00.000012
StAnWorks_works_cq_on_m200822p4: 0:24:07.442367
StAnWorks_works_oint_on_m200822p4: 0:48:50.328699
StAnWorks_works_cc_on_m200822p4: 1:11:03.326589
StAnWorks_works_cppc_on_m200822p4: 0:07:32.470493
StAnWorks_install_pvs: 0:00:21.884607
StAnWorks_install_cq: 0:00:31.090229
StAnWorks_works_pvs_on_newDesc230722p1: 0:00:00.000014
StAnWorks_works_cq_on_newDesc230722p1: 1:53:20.179304
StAnWorks_install_pvs: 0:00:21.141466
StAnWorks_install_cq: 0:01:22.144677
StAnWorks_works_pvs_on_m080722p17: 0:00:00.000016
StAnWorks_works_cq_on_m080722p17: 4:01:11.314407
StAnWorks_works_pvs_on_orpm200822p3: 0:25:05.185997
StAnWorks_works_cq_on_orpm200822p3: 0:23:01.529620
StAnWorks_install_pvs: 0:00:39.932563
StAnWorks_install_cq: 0:00:44.114280
StAnWorks_works_pvs_on_m120822p3: 0:02:52.650100
