ListWorksALL: 0:02:07.297959
StAnWorks_install_pvs: 0:00:10.957136
StAnWorks_install_oint: 0:13:43.192117
StAnWorks_install_cppc: 0:04:30.237310
StAnWorks_install_cc: 0:03:55.835686
StAnWorks_install_cq: 0:00:18.132978
StAnWorks_works_pvs_on_290321oft3: 0:00:00.000017
