ListWorksALL: 0:02:00.520452
StAnWorks_install_pvs: 0:00:16.336727
StAnWorks_install_oint: 0:12:55.031746
StAnWorks_install_cppc: 0:04:29.031483
StAnWorks_install_cc: 0:03:34.176850
StAnWorks_install_cq: 0:00:22.739977
StAnWorks_works_pvs_on_210321oft3: 0:00:00.000014
