ListWorksALL: 0:02:05.938727
StAnWorks_install_pvs: 0:00:15.292302
StAnWorks_install_oint: 0:11:17.001723
StAnWorks_install_cppc: 0:04:10.741595
StAnWorks_install_cc: 0:02:56.257419
StAnWorks_install_cq: 0:00:18.643383
StAnWorks_works_pvs_on_test1: 0:00:00.000019
