ListWorksALL: 0:02:15.005959
StAnWorks_install_pvs: 0:00:12.340760
StAnWorks_install_oint: 0:12:04.494484
StAnWorks_install_cppc: 0:04:27.696652
StAnWorks_install_cc: 0:03:34.382030
StAnWorks_install_cq: 0:00:21.635641
StAnWorks_works_pvs_on_210321oft3: 0:00:00.000013
StAnWorks_works_oint_on_210321oft3: 0:00:00.000012
