ListWorksALL: 0:00:58.130845
StAnWorks_install_pvs: 0:00:09.093857
StAnWorks_install_oint: 0:12:51.181357
StAnWorks_install_cppc: 0:04:35.284693
StAnWorks_install_cc: 0:04:13.167270
StAnWorks_install_cq: 0:00:32.794902
StAnWorks_works_pvs_on_m060822p2: 0:00:00.000014
StAnWorks_install_pvs: 0:00:22.310236
StAnWorks_install_cq: 0:01:32.103425
