ListWorksALL: 0:02:10.621288
StAnWorks_install_pvs: 0:00:10.685386
StAnWorks_install_oint: 0:13:36.127643
StAnWorks_install_cppc: 0:04:37.500665
StAnWorks_install_cc: 0:03:45.403881
StAnWorks_install_cq: 0:00:20.099538
StAnWorks_works_pvs_on_100421oft4: 0:03:10.268708
StAnWorks_works_oint_on_100421oft4: 0:02:36.059247
StAnWorks_works_cc_on_100421oft4: 0:00:00.000014
StAnWorks_works_cppc_on_100421oft4: 0:29:33.729642
StAnWorks_works_cq_on_100421oft4: 0:33:38.531635
StAnWorks_works_pvs_on_150321oft2: 0:07:00.678192
StAnWorks_works_oint_on_150321oft2: 1:07:17.801234
StAnWorks_works_cc_on_150321oft2: 0:00:00.000016
