ListWorksALL: 0:00:47.454865
StAnWorks_install_pvs: 0:00:09.847186
StAnWorks_install_oint: 0:15:10.045901
StAnWorks_install_cppc: 0:00:19.925026
StAnWorks_install_cc: 0:04:41.938754
