ListWorksALL: 0:01:56.170776
StAnWorks_install_pvs: 0:00:08.821504
StAnWorks_install_oint: 0:11:50.492473
StAnWorks_install_cppc: 0:03:50.526459
StAnWorks_install_cc: 0:03:02.552747
