ListWorksALL: 0:01:36.340231
StAnWorks_install_pvs: 0:00:11.641767
StAnWorks_install_oint: 0:11:39.948942
StAnWorks_install_cppc: 0:04:08.023083
StAnWorks_install_cc: 0:02:56.728632
StAnWorks_install_cq: 0:00:24.056334
StAnWorks_works_pvs_on_280221oft: 0:00:00.000014
StAnWorks_works_oint_on_280221oft: 0:02:18.138207
StAnWorks_works_cc_on_280221oft: 4:01:55.130545
StAnWorks_works_cppc_on_280221oft: 0:00:00.000012
