ListWorksALL: 0:00:45.564302
StAnWorks_install_pvs: 0:00:08.919065
StAnWorks_install_oint: 0:10:39.224894
StAnWorks_install_cppc: 0:00:17.868047
StAnWorks_install_cc: 0:03:19.088850
StAnWorks_install_cq: 0:00:31.434292
StAnWorks_works_pvs_on_m200822p4: 0:00:00.000012
