ListWorksALL: 0:01:51.305133
StAnWorks_install_pvs: 0:00:12.895246
StAnWorks_install_oint: 0:12:11.175952
StAnWorks_install_cppc: 0:04:17.011560
StAnWorks_install_cc: 0:02:57.049568
StAnWorks_install_cq: 0:00:17.066420
