ListWorksALL: 0:00:34.820764
StAnWorks_install_pvs: 0:00:09.755943
StAnWorks_install_oint: 0:13:13.340271
StAnWorks_install_cppc: 0:04:49.019640
StAnWorks_install_cc: 0:04:31.617519
StAnWorks_install_cq: 0:01:22.173183
StAnWorks_works_pvs_on_m120822p3: 0:00:00.000014
