ListWorksALL: 0:02:12.303326
StAnWorks_install_pvs: 0:00:11.379080
StAnWorks_install_oint: 0:11:45.490456
StAnWorks_install_cppc: 0:04:21.472060
StAnWorks_install_cc: 0:03:13.295128
StAnWorks_install_cq: 0:00:19.921293
StAnWorks_works_pvs_on_150321oft2: 0:00:00.000018
StAnWorks_works_oint_on_150321oft2: 1:00:49.219488
StAnWorks_works_cc_on_150321oft2: 0:00:00.000012
StAnWorks_works_cppc_on_150321oft2: 0:00:00.000011
StAnWorks_works_cq_on_150321oft2: 2:43:13.686137
StAnWorks_works_pvs_on_290321oft3: 0:02:26.805831
StAnWorks_works_oint_on_290321oft3: 0:02:23.220903
