ListWorksALL: 0:02:01.146987
StAnWorks_install_pvs: 0:00:10.977075
StAnWorks_install_oint: 0:10:45.707129
StAnWorks_install_cppc: 0:03:34.341441
StAnWorks_install_cc: 0:02:58.339935
StAnWorks_install_cq: 0:00:18.613710
StAnWorks_works_pvs_on_060321oft2: 0:00:00.000013
