ListWorksALL: 0:02:17.228260
StAnWorks_install_pvs: 0:00:13.706129
StAnWorks_install_oint: 0:11:33.776691
StAnWorks_install_cppc: 0:04:28.560731
StAnWorks_install_cc: 0:03:09.720971
