ListWorksALL: 0:02:13.334103
StAnWorks_install_pvs: 0:00:03.986661
StAnWorks_install_oint: 0:13:47.764224
StAnWorks_install_cppc: 0:04:42.642326
StAnWorks_install_cc: 0:03:42.339760
StAnWorks_install_cq: 0:00:19.934551
StAnWorks_works_pvs_on_290321oft3: 0:00:00.000014
StAnWorks_works_oint_on_290321oft3: 0:02:27.754793
StAnWorks_works_cc_on_290321oft3: 0:00:00.000014
StAnWorks_works_cppc_on_290321oft3: 4:02:15.401936
