ListWorksALL: 0:00:31.753833
StAnWorks_install_pvs: 0:00:09.758840
StAnWorks_install_oint: 0:12:18.248299
StAnWorks_install_cppc: 0:00:19.302864
StAnWorks_install_cc: 0:03:58.748039
StAnWorks_install_cq: 0:00:32.102793
