ListWorksALL: 0:02:09.386384
StAnWorks_install_pvs: 0:00:11.488028
StAnWorks_install_oint: 0:13:52.742941
StAnWorks_install_cppc: 0:04:44.831286
StAnWorks_install_cc: 0:03:46.733518
StAnWorks_install_cq: 0:00:18.709626
StAnWorks_works_pvs_on_290321oft3: 0:00:00.000015
StAnWorks_works_oint_on_290321oft3: 0:02:29.935575
