ListWorksALL: 0:00:59.932803
StAnWorks_install_pvs: 0:00:16.507665
StAnWorks_install_oint: 0:07:57.334528
StAnWorks_install_cppc: 0:03:13.865623
StAnWorks_install_cc: 0:02:53.830292
