ListWorksALL: 0:00:30.004217
StAnWorks_install_pvs: 0:00:08.454366
StAnWorks_install_oint: 0:12:52.626648
StAnWorks_install_cppc: 0:04:43.683640
StAnWorks_install_cc: 0:04:17.007843
