ListWorksALL: 0:00:30.498503
StAnWorks_install_pvs: 0:00:08.634100
StAnWorks_install_oint: 0:09:29.078266
StAnWorks_install_cppc: 0:00:17.892674
StAnWorks_install_cc: 0:03:36.723466
StAnWorks_install_cq: 0:00:46.504300
StAnWorks_works_pvs_on_m120822p3: 0:00:00.000010
StAnWorks_works_cq_on_m120822p3: 0:00:00.000011
StAnWorks_works_oint_on_m120822p3: 0:43:55.025321
