ListWorksALL: 0:02:09.534851
StAnWorks_install_pvs: 0:00:12.655084
StAnWorks_install_oint: 0:13:04.489300
StAnWorks_install_cppc: 0:04:36.411741
StAnWorks_install_cc: 0:03:07.673495
StAnWorks_install_cq: 0:00:22.200186
StAnWorks_works_pvs_on_test4_1: 0:00:00.000025
StAnWorks_works_oint_on_test4_1: 0:00:00.000014
StAnWorks_works_cc_on_test4_1: 0:00:00.000144
StAnWorks_works_cppc_on_test4_1: 4:02:08.808282
StAnWorks_works_cq_on_test4_1: 0:00:00.000015
