ListWorksALL: 0:00:59.725162
StAnWorks_install_pvs: 0:00:08.060361
StAnWorks_install_oint: 0:11:16.394705
StAnWorks_install_cppc: 0:00:17.199833
StAnWorks_install_cc: 0:03:31.901020
StAnWorks_install_cq: 0:00:51.451147
StAnWorks_works_pvs_on_m200822p4: 0:00:00.000014
StAnWorks_works_cq_on_m200822p4: 0:00:00.000011
