ListWorksALL: 0:00:53.228689
StAnWorks_install_pvs: 0:00:12.143734
StAnWorks_install_oint: 0:07:33.313438
StAnWorks_install_cppc: 0:03:00.720113
StAnWorks_install_cc: 0:02:43.168250
StAnWorks_works_pvs_on_test4_1: 0:00:00.000016
StAnWorks_works_oint_on_test4_1: 0:00:00.000023
