ListWorksALL: 0:02:02.003522
StAnWorks_install_pvs: 0:00:10.837387
StAnWorks_install_oint: 0:12:16.190619
StAnWorks_install_cppc: 0:04:09.092881
StAnWorks_install_cc: 0:03:00.702847
StAnWorks_install_cq: 0:00:18.939469
StAnWorks_works_pvs_on_100421oft4: 0:03:34.001581
StAnWorks_works_oint_on_100421oft4: 0:02:41.908307
StAnWorks_works_cc_on_100421oft4: 0:00:00.000013
StAnWorks_works_cppc_on_100421oft4: 1:54:01.293721
StAnWorks_works_cq_on_100421oft4: 0:29:41.862339
StAnWorks_works_pvs_on_210321oft3: 0:00:00.000014
StAnWorks_works_oint_on_210321oft3: 0:00:00.000011
StAnWorks_works_cc_on_210321oft3: 0:00:00.000012
