ListWorksALL: 0:01:02.384014
StAnWorks_install_pvs: 0:00:08.472196
StAnWorks_install_oint: 0:08:25.858947
StAnWorks_install_cppc: 0:00:18.595249
StAnWorks_install_cc: 0:03:13.020700
StAnWorks_install_cq: 0:00:34.335056
StAnWorks_works_pvs_on_newDesc230722p1: 0:39:01.203176
StAnWorks_works_cq_on_newDesc230722p1: 1:29:33.870728
StAnWorks_works_oint_on_newDesc230722p1: 0:04:23.623294
StAnWorks_works_cc_on_newDesc230722p1: 0:46:46.059757
StAnWorks_works_cppc_on_newDesc230722p1: 0:04:00.683665
StAnWorks_install_pvs: 0:00:24.892468
StAnWorks_install_cq: 0:00:34.926203
