ListWorksALL: 0:00:24.261051
StAnWorks_install_pvs: 0:00:08.471591
StAnWorks_install_oint: 0:10:40.651902
StAnWorks_install_cppc: 0:00:16.627998
StAnWorks_install_cc: 0:03:32.832385
StAnWorks_install_cq: 0:00:27.351199
StAnWorks_install_pvs: 0:00:40.570573
StAnWorks_install_cq: 0:00:52.317583
StAnWorks_works_pvs_on_newDesc230722p1: 4:01:05.896594
