ListWorksALL: 0:02:00.839665
StAnWorks_install_pvs: 0:00:10.569771
StAnWorks_install_oint: 0:11:53.231926
StAnWorks_install_cppc: 0:03:55.871785
StAnWorks_install_cc: 0:03:12.407730
StAnWorks_install_cq: 0:00:17.920918
StAnWorks_works_pvs_on_150321oft2: 0:00:00.000013
StAnWorks_works_oint_on_150321oft2: 0:58:01.205650
StAnWorks_works_cc_on_150321oft2: 0:00:00.000028
StAnWorks_works_cppc_on_150321oft2: 0:00:00.000012
StAnWorks_works_cq_on_150321oft2: 2:35:19.671751
StAnWorks_works_pvs_on_290321oft3: 0:02:24.400678
StAnWorks_works_oint_on_290321oft3: 0:02:10.067002
