ListWorksALL: 0:02:17.635517
StAnWorks_install_pvs: 0:00:13.862378
StAnWorks_install_oint: 0:13:06.788561
StAnWorks_install_cppc: 0:04:37.203782
StAnWorks_install_cc: 0:03:16.057696
StAnWorks_install_cq: 0:00:22.577512
StAnWorks_works_pvs_on_newtest3: 0:00:00.000015
