ListWorksALL: 0:00:29.288686
StAnWorks_install_pvs: 0:00:14.258817
StAnWorks_install_oint: 0:07:39.820431
StAnWorks_install_cppc: 0:03:07.626507
StAnWorks_install_cc: 0:02:41.175092
StAnWorks_works_pvs_on_newtest3: 2:06:20.429952
StAnWorks_works_oint_on_newtest3: 1:09:49.675439
