ListWorksALL: 0:01:36.394461
StAnWorks_install_pvs: 0:00:13.079462
StAnWorks_install_oint: 0:08:54.164401
StAnWorks_install_cppc: 0:03:40.424923
StAnWorks_install_cc: 0:03:11.182581
StAnWorks_install_cq: 0:00:18.195675
