ListWorksALL: 0:01:57.993719
StAnWorks_install_pvs: 0:00:17.084111
StAnWorks_install_oint: 0:10:04.931722
StAnWorks_install_cppc: 0:03:25.122017
StAnWorks_install_cc: 0:02:24.981535
StAnWorks_install_cq: 0:00:16.834707
StAnWorks_works_pvs_on_280221oft: 0:00:00.000014
StAnWorks_works_oint_on_280221oft: 0:02:07.432628
