ListWorksALL: 0:02:01.531143
StAnWorks_install_pvs: 0:00:14.339901
StAnWorks_install_oint: 0:12:21.323122
StAnWorks_install_cppc: 0:04:33.196727
StAnWorks_install_cc: 0:03:20.535244
StAnWorks_install_cq: 0:00:20.695794
