ListWorksALL: 0:02:04.146059
StAnWorks_install_pvs: 0:00:10.988774
StAnWorks_install_oint: 0:12:15.641763
StAnWorks_install_cppc: 0:04:20.336356
StAnWorks_install_cc: 0:03:03.421493
StAnWorks_install_cq: 0:00:17.258498
StAnWorks_works_pvs_on_210321oft3: 3:08:57.958704
StAnWorks_works_oint_on_210321oft3: 0:00:00.000014
