ListWorksALL: 0:01:57.940211
StAnWorks_install_pvs: 0:00:13.338155
StAnWorks_install_oint: 0:10:51.701003
StAnWorks_install_cppc: 0:03:53.366074
StAnWorks_install_cc: 0:02:39.149348
StAnWorks_install_cq: 0:00:18.185766
StAnWorks_works_pvs_on_210321oft3: 0:00:00.000019
