ListWorksALL: 0:01:05.990378
StAnWorks_install_pvs: 0:00:07.836797
StAnWorks_install_oint: 0:11:08.274100
StAnWorks_install_cppc: 0:00:16.235071
StAnWorks_install_cc: 0:03:28.175589
StAnWorks_install_cq: 0:00:28.692810
StAnWorks_install_pvs: 0:00:20.102715
StAnWorks_install_cq: 0:00:56.879844
