ListWorksALL: 0:01:58.800873
StAnWorks_install_pvs: 0:00:09.598934
StAnWorks_install_oint: 0:09:35.127683
StAnWorks_install_cppc: 0:03:27.898181
StAnWorks_install_cc: 0:02:44.079326
StAnWorks_install_cq: 0:00:19.650527
StAnWorks_works_pvs_on_150321oft2: 0:00:00.000011
StAnWorks_works_oint_on_150321oft2: 0:50:08.737750
StAnWorks_works_cc_on_150321oft2: 0:00:00.000011
StAnWorks_works_cppc_on_150321oft2: 4:02:03.075946
