ListWorksALL: 0:02:13.700222
StAnWorks_install_pvs: 0:00:10.095041
StAnWorks_install_oint: 0:12:03.080619
StAnWorks_install_cppc: 0:04:18.588434
StAnWorks_install_cc: 0:03:32.102977
StAnWorks_install_cq: 0:00:18.952661
StAnWorks_works_pvs_on_290321oft3: 0:00:00.000013
StAnWorks_works_oint_on_290321oft3: 0:02:28.867816
StAnWorks_works_cc_on_290321oft3: 4:02:38.576458
