ListWorksALL: 0:00:04.879369
StAnWorks_install_pvs: 0:00:08.109097
StAnWorks_install_oint: 0:10:55.302252
StAnWorks_install_cppc: 0:03:54.608763
StAnWorks_install_cc: 0:03:25.832517
