ListWorksALL: 0:00:37.673824
StAnWorks_install_pvs: 0:00:07.940625
StAnWorks_install_oint: 0:11:01.883915
StAnWorks_install_cppc: 0:00:17.074146
StAnWorks_install_cc: 0:03:42.028910
StAnWorks_install_cq: 0:00:36.740871
