ListWorksALL: 0:01:42.163172
StAnWorks_install_pvs: 0:00:12.290846
StAnWorks_install_oint: 0:11:48.599733
StAnWorks_install_cppc: 0:04:02.655210
StAnWorks_install_cc: 0:02:44.079572
StAnWorks_install_cq: 0:00:18.811681
