ListWorksALL: 0:00:44.333397
StAnWorks_install_pvs: 0:00:09.325861
StAnWorks_install_oint: 0:14:18.355731
StAnWorks_install_cppc: 0:05:03.048627
StAnWorks_install_cc: 0:04:56.312282
StAnWorks_install_cq: 0:00:42.100891
StAnWorks_works_pvs_on_m060822p2: 0:00:00.000014
