ListWorksALL: 0:00:37.886024
StAnWorks_install_pvs: 0:00:07.982035
StAnWorks_install_oint: 0:11:09.829755
StAnWorks_install_cppc: 0:04:07.945386
StAnWorks_install_cc: 0:03:50.187076
StAnWorks_install_cq: 0:00:31.650275
StAnWorks_works_pvs_on_m060822p2: 0:00:00.000013
