ListWorksALL: 0:00:15.975258
StAnWorks_install_pvs: 0:00:08.383543
StAnWorks_install_oint: 0:12:02.473733
StAnWorks_install_cppc: 0:04:17.799208
StAnWorks_install_cc: 0:01:06.937744
StAnWorks_install_cq: 0:00:27.033673
StAnWorks_works_pvs_on_m110622p13: 1:26:39.758802
StAnWorks_works_cq_on_m110622p13: 1:11:59.618202
StAnWorks_works_oint_on_m110622p13: 0:42:53.335643
