ListWorksALL: 0:02:11.236381
StAnWorks_install_pvs: 0:00:10.387562
StAnWorks_install_oint: 0:10:59.602955
StAnWorks_install_cppc: 0:04:09.665360
StAnWorks_install_cc: 0:02:54.590691
