ListWorksALL: 0:02:07.455575
StAnWorks_install_pvs: 0:00:11.325621
StAnWorks_install_oint: 0:11:25.689828
StAnWorks_install_cppc: 0:02:07.642572
StAnWorks_install_cc: 0:03:09.609754
StAnWorks_install_cq: 0:00:20.832776
StAnWorks_works_pvs_on_test4: 0:00:00.000019
