ListWorksALL: 0:01:58.518140
StAnWorks_install_pvs: 0:00:56.395344
StAnWorks_install_oint: 0:09:35.940460
StAnWorks_install_cppc: 0:03:24.095235
StAnWorks_install_cc: 0:03:37.501645
StAnWorks_install_cq: 0:00:18.516796
StAnWorks_works_pvs_on_150321oft2: 1:59:30.431774
StAnWorks_works_oint_on_150321oft2: 1:02:03.689660
