ListWorksALL: 0:01:59.866872
StAnWorks_install_pvs: 0:00:11.623160
StAnWorks_install_oint: 0:12:20.282608
StAnWorks_install_cppc: 0:04:13.709479
StAnWorks_install_cc: 0:03:20.554987
