ListWorksALL: 0:02:20.735743
StAnWorks_install_pvs: 0:00:11.506680
StAnWorks_install_oint: 0:12:30.791158
StAnWorks_install_cppc: 0:04:26.279423
StAnWorks_install_cc: 0:03:20.009551
StAnWorks_install_cq: 0:00:21.604657
