ListWorksALL: 0:01:54.961159
StAnWorks_install_pvs: 0:00:10.881160
StAnWorks_install_oint: 0:10:15.944492
StAnWorks_install_cppc: 0:03:28.562174
StAnWorks_install_cc: 0:02:46.639527
StAnWorks_install_cq: 0:00:16.925851
StAnWorks_works_pvs_on_210321oft3: 2:18:37.910030
StAnWorks_works_oint_on_210321oft3: 0:00:00.000013
