ListWorksALL: 0:00:21.916345
StAnWorks_install_pvs: 0:00:08.529603
StAnWorks_install_oint: 0:13:12.400258
StAnWorks_install_cppc: 0:04:23.313445
StAnWorks_install_cc: 0:04:10.935194
StAnWorks_install_cq: 0:00:26.107511
StAnWorks_works_pvs_on_m280522p11: 0:00:00.000013
