ListWorksALL: 0:02:23.295601
StAnWorks_install_pvs: 0:00:17.093292
StAnWorks_install_oint: 0:12:41.424880
StAnWorks_install_cppc: 0:04:34.496419
StAnWorks_install_cc: 0:03:05.779671
StAnWorks_install_cq: 0:00:20.389417
StAnWorks_works_pvs_on_newtest3: 0:00:00.000014
