ListWorksALL: 0:02:03.047303
StAnWorks_install_pvs: 0:00:16.072188
StAnWorks_install_oint: 0:11:06.487814
StAnWorks_install_cppc: 0:04:00.189907
StAnWorks_install_cc: 0:02:52.908664
StAnWorks_install_cq: 0:00:23.088288
