ListWorksALL: 0:01:33.996109
StAnWorks_install_pvs: 0:00:14.082780
StAnWorks_install_oint: 0:07:51.189940
StAnWorks_install_cppc: 0:03:15.153023
StAnWorks_install_cc: 0:02:55.543565
StAnWorks_install_cq: 0:00:19.634469
