ListWorksALL: 0:00:17.080789
StAnWorks_install_pvs: 0:00:08.645586
StAnWorks_install_oint: 0:10:05.986735
StAnWorks_install_cppc: 0:03:40.321021
StAnWorks_install_cc: 0:01:04.020311
StAnWorks_install_cq: 0:00:30.471934
StAnWorks_works_pvs_on_m030622p12: 0:00:00.000010
StAnWorks_works_cq_on_m030622p12: 3:13:30.231061
StAnWorks_works_oint_on_m030622p12: 0:19:35.755710
StAnWorks_works_cc_on_m030622p12: 0:07:47.164929
