ListWorksALL: 0:00:47.757407
StAnWorks_install_pvs: 0:00:10.091235
StAnWorks_install_oint: 0:14:33.225612
StAnWorks_install_cppc: 0:00:26.255026
StAnWorks_install_cc: 0:04:23.578444
StAnWorks_install_cq: 0:01:13.901188
