ListWorksALL: 0:02:21.274487
StAnWorks_install_pvs: 0:00:12.986902
StAnWorks_install_oint: 0:11:51.732577
StAnWorks_install_cppc: 0:04:18.031208
StAnWorks_install_cc: 0:02:54.288666
StAnWorks_install_cq: 0:00:19.308452
StAnWorks_works_pvs_on_280221oft: 0:00:00.000011
