ListWorksALL: 0:02:20.529430
StAnWorks_install_pvs: 0:00:12.709982
StAnWorks_install_oint: 0:09:26.674265
StAnWorks_install_cppc: 0:03:21.120478
StAnWorks_install_cc: 0:02:23.060743
StAnWorks_install_cq: 0:00:14.284334
StAnWorks_works_pvs_on_test1: 0:00:00.000018
