ListWorksALL: 0:01:58.673470
StAnWorks_install_pvs: 0:00:13.553216
StAnWorks_install_oint: 0:13:04.235751
StAnWorks_install_cppc: 0:04:40.581197
StAnWorks_install_cc: 0:03:07.353005
StAnWorks_install_cq: 0:00:17.946044
StAnWorks_works_pvs_on_150321oft2: 0:00:00.000016
StAnWorks_works_oint_on_150321oft2: 1:06:55.565006
StAnWorks_works_cc_on_150321oft2: 0:00:00.000012
StAnWorks_works_cppc_on_150321oft2: 0:00:00.000013
StAnWorks_works_cq_on_150321oft2: 2:46:20.059520
StAnWorks_works_pvs_on_smalltmp: 0:00:00.000012
