ListWorksALL: 0:02:11.320521
StAnWorks_install_pvs: 0:00:15.022441
StAnWorks_install_oint: 0:12:36.937395
StAnWorks_install_cppc: 0:04:27.029282
StAnWorks_install_cc: 0:03:03.574709
StAnWorks_install_cq: 0:00:18.915458
StAnWorks_works_pvs_on_150321oft2: 0:00:00.000014
StAnWorks_works_oint_on_150321oft2: 1:04:34.690164
StAnWorks_works_cc_on_150321oft2: 0:00:00.000012
StAnWorks_works_cppc_on_150321oft2: 0:00:00.000011
