ListWorksALL: 0:01:30.078284
StAnWorks_install_pvs: 0:00:14.778441
StAnWorks_install_oint: 0:10:28.835989
StAnWorks_install_cppc: 0:04:10.646336
StAnWorks_install_cc: 0:03:43.216144
