ListWorksALL: 0:02:09.842602
StAnWorks_install_pvs: 0:00:12.383612
StAnWorks_install_oint: 0:12:26.174498
StAnWorks_install_cppc: 0:04:35.831875
StAnWorks_install_cc: 0:03:09.382038
