ListWorksALL: 0:00:14.906698
StAnWorks_install_pvs: 0:00:08.212311
StAnWorks_install_oint: 0:10:22.076409
StAnWorks_install_cppc: 0:03:41.491072
StAnWorks_install_cc: 0:03:08.317044
StAnWorks_install_cq: 0:00:24.301870
StAnWorks_works_pvs_on_m030622p12: 0:00:00.000012
StAnWorks_works_cq_on_m030622p12: 0:00:00.000014
StAnWorks_works_oint_on_m030622p12: 0:25:12.602926
StAnWorks_works_cc_on_m030622p12: 0:00:00.000034
StAnWorks_works_cppc_on_m030622p12: 4:00:18.709460
