ListWorksALL: 0:02:12.926448
StAnWorks_install_pvs: 0:00:20.412641
StAnWorks_install_oint: 0:10:56.402163
StAnWorks_install_cppc: 0:03:59.938832
StAnWorks_install_cc: 0:02:55.646173
StAnWorks_install_cq: 0:00:21.136295
StAnWorks_works_pvs_on_150321oft2: 0:00:00.000012
StAnWorks_works_oint_on_150321oft2: 0:59:14.101670
StAnWorks_works_cc_on_150321oft2: 0:00:00.000013
StAnWorks_works_cppc_on_150321oft2: 0:00:00.000013
StAnWorks_works_cq_on_150321oft2: 2:23:54.955297
StAnWorks_works_pvs_on_test5_1_1: 0:00:00.000019
StAnWorks_works_oint_on_test5_1_1: 0:00:00.000011
