ListWorksALL: 0:02:02.384528
StAnWorks_install_pvs: 0:00:13.521079
StAnWorks_install_oint: 0:09:29.018121
StAnWorks_install_cppc: 0:03:34.327195
StAnWorks_install_cc: 0:02:22.723479
StAnWorks_install_cq: 0:00:16.097213
