ListWorksALL: 0:01:58.007409
StAnWorks_install_pvs: 0:00:10.074558
StAnWorks_install_oint: 0:09:09.107016
StAnWorks_install_cppc: 0:03:34.039091
StAnWorks_install_cc: 0:03:10.848476
