ListWorksALL: 0:01:53.520488
StAnWorks_install_pvs: 0:00:12.068267
StAnWorks_install_oint: 0:10:28.764433
StAnWorks_install_cppc: 0:03:34.804475
StAnWorks_install_cc: 0:02:36.827090
StAnWorks_install_cq: 0:00:16.342436
StAnWorks_works_pvs_on_220221oft: 0:00:00.000013
StAnWorks_works_oint_on_220221oft: 0:02:46.281623
StAnWorks_works_cc_on_220221oft: 0:00:00.000012
StAnWorks_works_cppc_on_220221oft: 4:02:00.600197
StAnWorks_works_cq_on_220221oft: 0:00:00.000011
StAnWorks_works_pvs_on_100421oft4: 0:02:41.515232
StAnWorks_works_oint_on_100421oft4: 0:02:09.633352
StAnWorks_works_cc_on_100421oft4: 0:00:00.000011
StAnWorks_works_cppc_on_100421oft4: 0:40:38.446850
StAnWorks_works_cq_on_100421oft4: 0:27:27.849759
