ListWorksALL: 0:00:40.515287
StAnWorks_install_pvs: 0:00:09.058966
StAnWorks_install_oint: 0:14:25.988404
StAnWorks_install_cppc: 0:00:19.624235
StAnWorks_install_cc: 0:04:44.415784
StAnWorks_install_cq: 0:00:35.350982
StAnWorks_works_pvs_on_m060822p2: 0:00:00.000017
