ListWorksALL: 0:02:42.503768
StAnWorks_install_pvs: 0:00:11.214481
StAnWorks_install_oint: 0:12:56.093931
StAnWorks_install_cppc: 0:04:19.612140
StAnWorks_install_cc: 0:03:27.328693
