ListWorksALL: 0:00:47.632600
StAnWorks_install_pvs: 0:00:08.710744
StAnWorks_install_oint: 0:13:22.654115
StAnWorks_install_cppc: 0:00:20.487119
StAnWorks_install_cc: 0:04:08.457498
StAnWorks_install_cq: 0:00:35.603097
