ListWorksALL: 0:00:10.506435
StAnWorks_install_pvs: 0:00:08.098766
StAnWorks_install_oint: 0:12:13.048083
StAnWorks_install_cppc: 0:04:17.065747
StAnWorks_install_cc: 0:04:02.693559
StAnWorks_install_cq: 0:00:38.998296
