ListWorksALL: 0:02:12.875363
StAnWorks_install_pvs: 0:00:09.558158
StAnWorks_install_oint: 0:11:33.902342
StAnWorks_install_cppc: 0:04:12.145293
StAnWorks_install_cc: 0:03:12.248349
