ListWorksALL: 0:00:21.646352
StAnWorks_install_pvs: 0:00:08.610933
StAnWorks_install_oint: 0:10:57.858898
StAnWorks_install_cppc: 0:03:55.145521
StAnWorks_install_cc: 0:03:22.956903
