ListWorksALL: 0:00:10.079511
StAnWorks_install_pvs: 0:00:10.120502
StAnWorks_install_oint: 0:14:49.064383
StAnWorks_install_cppc: 0:05:08.739574
StAnWorks_install_cc: 0:04:53.598865
StAnWorks_install_cq: 0:00:38.382517
StAnWorks_works_pvs_on_m240622p15: 0:00:00.000017
StAnWorks_works_cq_on_m240622p15: 0:00:00.000015
StAnWorks_works_oint_on_m240622p15: 0:40:27.671859
