ListWorksALL: 0:02:03.591821
StAnWorks_install_pvs: 0:00:10.768324
StAnWorks_install_oint: 0:12:19.596327
StAnWorks_install_cppc: 0:04:22.806770
StAnWorks_install_cc: 0:03:05.450916
