ListWorksALL: 0:00:52.967817
StAnWorks_install_pvs: 0:00:08.831739
StAnWorks_install_oint: 0:10:52.722282
StAnWorks_install_cppc: 0:00:16.597164
StAnWorks_install_cc: 0:03:43.564999
StAnWorks_install_cq: 0:00:50.595162
StAnWorks_works_pvs_on_m060822p2: 0:00:00.000015
StAnWorks_works_cq_on_m060822p2: 4:01:07.702058
