ListWorksALL: 0:02:00.520452
StAnWorks_install_pvs: 0:00:16.336727
StAnWorks_install_oint: 0:12:55.031746
StAnWorks_install_cppc: 0:04:29.031483
StAnWorks_install_cc: 0:03:34.176850
StAnWorks_install_cq: 0:00:22.739977
StAnWorks_works_pvs_on_210321oft3: 0:00:00.000014
StAnWorks_works_oint_on_210321oft3: 0:00:00.000013
StAnWorks_works_cc_on_210321oft3: 0:00:00.000014
StAnWorks_works_cppc_on_210321oft3: 4:02:08.196383
StAnWorks_works_cq_on_210321oft3: 0:23:16.937721
StAnWorks_works_pvs_on_220221oft: 0:02:25.643546
