ListWorksALL: 0:02:11.670786
StAnWorks_install_pvs: 0:00:14.850150
StAnWorks_install_oint: 0:12:08.237879
StAnWorks_install_cppc: 0:04:15.448980
StAnWorks_install_cc: 0:02:59.484494
StAnWorks_install_cq: 0:00:19.232531
StAnWorks_works_pvs_on_test1: 0:00:00.000014
StAnWorks_works_oint_on_test1: 0:03:33.601503
StAnWorks_works_cc_on_test1: 0:00:00.000014
StAnWorks_works_cppc_on_test1: 4:02:12.002942
StAnWorks_works_cq_on_test1: 0:00:00.000014
