ListWorksALL: 0:00:39.697217
StAnWorks_install_pvs: 0:00:11.843005
StAnWorks_install_oint: 0:14:40.619489
StAnWorks_install_cppc: 0:00:21.307350
StAnWorks_install_cc: 0:04:43.733185
