ListWorksALL: 0:00:52.584422
StAnWorks_install_pvs: 0:00:08.213427
StAnWorks_install_oint: 0:10:44.355725
StAnWorks_install_cppc: 0:00:18.182479
StAnWorks_install_cc: 0:03:18.000207
StAnWorks_install_cq: 0:01:08.115978
StAnWorks_works_pvs_on_m120822p3: 0:00:00.000013
StAnWorks_install_pvs: 0:00:21.101610
StAnWorks_install_cq: 0:00:44.708216
StAnWorks_works_pvs_on_m120822p3: 0:00:00.000012
