ListWorksALL: 0:00:09.511412
StAnWorks_install_pvs: 0:00:07.413990
StAnWorks_install_oint: 0:13:01.475850
StAnWorks_install_cppc: 0:04:15.044444
StAnWorks_install_cc: 0:03:52.987205
