ListWorksALL: 0:00:41.257179
StAnWorks_install_pvs: 0:00:09.249938
StAnWorks_install_oint: 0:12:54.843577
StAnWorks_install_cppc: 0:04:51.081577
StAnWorks_install_cc: 0:04:30.851320
StAnWorks_install_cq: 0:00:51.432960
