ListWorksALL: 0:01:32.145880
StAnWorks_install_pvs: 0:00:13.642219
StAnWorks_install_oint: 0:08:40.732609
StAnWorks_install_cppc: 0:03:32.594840
StAnWorks_install_cc: 0:03:18.816485
