ListWorksALL: 0:01:21.946821
StAnWorks_install_pvs: 0:00:13.792039
StAnWorks_install_oint: 0:10:32.274203
StAnWorks_install_cppc: 0:04:13.859467
StAnWorks_install_cc: 0:03:47.453236
StAnWorks_install_cq: 0:00:22.842431
