ListWorksALL: 0:00:08.849951
StAnWorks_install_pvs: 0:00:07.151992
StAnWorks_install_oint: 0:10:10.551729
StAnWorks_install_cppc: 0:03:47.586926
StAnWorks_install_cc: 0:03:10.151436
