ListWorksALL: 0:01:19.695789
StAnWorks_install_pvs: 0:00:09.442621
StAnWorks_install_oint: 0:12:34.157386
StAnWorks_install_cppc: 0:04:21.912433
StAnWorks_install_cc: 0:03:54.666405
StAnWorks_install_cq: 0:01:21.274942
