ListWorksALL: 0:02:08.083378
StAnWorks_install_pvs: 0:00:17.285606
StAnWorks_install_oint: 0:11:39.834248
StAnWorks_install_cppc: 0:04:10.681299
StAnWorks_install_cc: 0:03:30.347520
StAnWorks_install_cq: 0:00:19.843378
