ListWorksALL: 0:00:31.579830
StAnWorks_install_pvs: 0:00:07.994280
StAnWorks_install_oint: 0:10:30.180903
StAnWorks_install_cppc: 0:03:31.287791
StAnWorks_install_cc: 0:03:11.139999
