ListWorksALL: 0:01:17.369211
StAnWorks_install_pvs: 0:00:12.549588
StAnWorks_install_oint: 0:09:46.686922
StAnWorks_install_cppc: 0:04:06.260324
StAnWorks_install_cc: 0:03:24.447564
