ListWorksALL: 0:02:01.206378
StAnWorks_install_pvs: 0:00:12.650866
StAnWorks_install_oint: 0:11:16.180997
StAnWorks_install_cppc: 0:04:09.703815
StAnWorks_install_cc: 0:02:43.638722
