ListWorksALL: 0:02:27.967233
StAnWorks_install_pvs: 0:00:11.097112
StAnWorks_install_oint: 0:11:04.699850
StAnWorks_install_cppc: 0:04:04.662904
StAnWorks_install_cc: 0:02:46.827735
StAnWorks_install_cq: 0:00:20.303621
StAnWorks_works_pvs_on_060321oft2: 0:02:30.411914
StAnWorks_works_oint_on_060321oft2: 0:02:24.119087
StAnWorks_works_cc_on_060321oft2: 0:02:25.663049
