ListWorksALL: 0:02:07.605604
StAnWorks_install_pvs: 0:00:11.622108
StAnWorks_install_oint: 0:12:52.502712
StAnWorks_install_cppc: 0:04:24.173674
StAnWorks_install_cc: 0:03:32.233461
StAnWorks_install_cq: 0:00:26.385851
StAnWorks_works_pvs_on_290321oft3: 0:00:00.000027
StAnWorks_works_oint_on_290321oft3: 0:02:23.115347
StAnWorks_works_cc_on_290321oft3: 0:00:00.000013
StAnWorks_works_cppc_on_290321oft3: 0:00:00.000014
StAnWorks_works_cq_on_290321oft3: 4:02:14.301643
StAnWorks_works_pvs_on_test5_1: 0:00:00.000015
