ListWorksALL: 0:00:09.511412
StAnWorks_install_pvs: 0:00:07.413990
StAnWorks_install_oint: 0:13:01.475850
StAnWorks_install_cppc: 0:04:15.044444
StAnWorks_install_cc: 0:03:52.987205
StAnWorks_install_cq: 0:01:20.450078
StAnWorks_works_pvs_on_m010722p16: 0:00:00.000014
StAnWorks_works_cq_on_m010722p16: 0:00:00.000015
StAnWorks_works_oint_on_m010722p16: 0:00:16.826761
StAnWorks_works_cc_on_m010722p16: 0:00:00.000016
