ListWorksALL: 0:02:01.355665
StAnWorks_install_pvs: 0:00:10.059522
StAnWorks_install_oint: 0:12:07.203374
StAnWorks_install_cppc: 0:03:58.898162
StAnWorks_install_cc: 0:03:16.993533
StAnWorks_install_cq: 0:00:17.563229
StAnWorks_works_pvs_on_newtest3: 0:00:00.000013
StAnWorks_works_oint_on_newtest3: 0:00:00.000012
StAnWorks_works_cc_on_newtest3: 0:00:00.000013
StAnWorks_works_cppc_on_newtest3: 4:02:26.537966
StAnWorks_works_cq_on_newtest3: 0:06:42.586641
StAnWorks_works_pvs_on_060321oft2: 0:02:05.049061
StAnWorks_works_oint_on_060321oft2: 0:02:03.067688
StAnWorks_works_cc_on_060321oft2: 0:02:10.613596
StAnWorks_works_cppc_on_060321oft2: 1:11:16.041271
StAnWorks_works_cq_on_060321oft2: 0:02:03.030613
