ListWorksALL: 0:01:58.282540
StAnWorks_install_pvs: 0:00:10.212415
StAnWorks_install_oint: 0:12:49.967861
StAnWorks_install_cppc: 0:04:36.328213
StAnWorks_install_cc: 0:03:33.141204
StAnWorks_install_cq: 0:00:16.400346
StAnWorks_works_pvs_on_test4_1: 0:00:00.000016
