ListWorksALL: 0:00:09.395180
StAnWorks_install_pvs: 0:00:09.141857
StAnWorks_install_oint: 0:14:41.704236
StAnWorks_install_cppc: 0:04:21.140605
StAnWorks_install_cc: 0:04:19.950896
StAnWorks_install_cq: 0:01:36.926504
StAnWorks_works_pvs_on_m240622p15: 0:00:00.000014
StAnWorks_works_cq_on_m240622p15: 0:00:00.000014
StAnWorks_works_oint_on_m240622p15: 0:37:31.279936
