ListWorksALL: 0:02:03.837768
StAnWorks_install_pvs: 0:00:11.556169
StAnWorks_install_oint: 0:12:24.844178
StAnWorks_install_cppc: 0:04:14.039177
StAnWorks_install_cc: 0:03:30.027182
