ListWorksALL: 0:02:16.252773
StAnWorks_install_pvs: 0:00:12.656217
StAnWorks_install_oint: 0:11:11.983733
StAnWorks_install_cppc: 0:04:11.032622
StAnWorks_install_cc: 0:00:45.481098
StAnWorks_install_cq: 0:00:18.854333
StAnWorks_works_pvs_on_210321oft3: 0:00:00.000014
StAnWorks_works_oint_on_210321oft3: 0:00:00.000019
StAnWorks_works_cc_on_210321oft3: 0:00:00.000011
StAnWorks_works_cppc_on_210321oft3: 0:00:00.000011
StAnWorks_works_cq_on_210321oft3: 2:58:44.474009
StAnWorks_works_pvs_on_220221oft: 0:02:30.889720
StAnWorks_works_oint_on_220221oft: 0:02:20.603973
