ListWorksALL: 0:01:52.302733
StAnWorks_install_pvs: 0:00:12.920866
StAnWorks_install_oint: 0:08:32.091986
StAnWorks_install_cppc: 0:03:32.342161
StAnWorks_install_cc: 0:03:07.175843
StAnWorks_install_cq: 0:00:17.444128
