ListWorksALL: 0:02:12.294108
StAnWorks_install_pvs: 0:00:11.932509
StAnWorks_install_oint: 0:13:37.890395
StAnWorks_install_cppc: 0:04:36.569809
StAnWorks_install_cc: 0:03:47.104583
StAnWorks_install_cq: 0:00:21.867570
StAnWorks_works_pvs_on_290321oft3: 0:00:00.000014
StAnWorks_works_oint_on_290321oft3: 0:02:24.231172
StAnWorks_works_cc_on_290321oft3: 0:00:00.000031
StAnWorks_works_cppc_on_290321oft3: 0:00:00.000013
StAnWorks_works_cq_on_290321oft3: 4:02:16.729257
StAnWorks_works_pvs_on_220221oft: 0:03:04.019718
StAnWorks_works_oint_on_220221oft: 0:02:22.974654
StAnWorks_works_cc_on_220221oft: 0:02:38.897402
