ListWorksALL: 0:00:19.011784
StAnWorks_install_pvs: 0:00:13.436165
StAnWorks_install_oint: 0:10:07.395672
StAnWorks_install_cppc: 0:04:06.102230
StAnWorks_install_cc: 0:10:12.735286
StAnWorks_works_pvs_on_test6: 0:00:00.000020
StAnWorks_works_oint_on_test6: 0:00:00.000019
StAnWorks_works_cc_on_test6: 4:00:36.075533
