ListWorksALL: 0:00:30.882829
StAnWorks_install_pvs: 0:00:08.557850
StAnWorks_install_oint: 0:09:10.060906
StAnWorks_install_cppc: 0:00:18.153605
StAnWorks_install_cc: 0:03:33.078087
StAnWorks_install_cq: 0:00:39.798770
StAnWorks_works_pvs_on_m120822p3: 0:00:00.000012
StAnWorks_works_cq_on_m120822p3: 0:00:00.000010
