ListWorksALL: 0:00:26.734367
StAnWorks_install_pvs: 0:00:08.034092
StAnWorks_install_oint: 0:10:31.134772
StAnWorks_install_cppc: 0:03:45.884244
StAnWorks_install_cc: 0:03:29.317668
StAnWorks_install_cq: 0:00:27.653465
