ListWorksALL: 0:00:49.241070
StAnWorks_install_pvs: 0:00:07.785549
StAnWorks_install_oint: 0:10:42.786837
StAnWorks_install_cppc: 0:03:50.014261
StAnWorks_install_cc: 0:03:44.495750
