ListWorksALL: 0:02:08.917657
StAnWorks_install_pvs: 0:00:10.661988
StAnWorks_install_oint: 0:11:15.268720
StAnWorks_install_cppc: 0:04:14.824882
StAnWorks_install_cc: 0:00:46.443530
StAnWorks_install_cq: 0:00:17.779636
