ListWorksALL: 0:00:33.664934
StAnWorks_install_pvs: 0:00:13.526112
StAnWorks_install_oint: 0:08:10.587574
StAnWorks_install_cppc: 0:03:05.892649
StAnWorks_install_cc: 0:02:51.161536
