ListWorksALL: 0:01:50.093016
StAnWorks_install_pvs: 0:00:10.585688
StAnWorks_install_oint: 0:09:41.476598
StAnWorks_install_cppc: 0:03:22.146084
StAnWorks_install_cc: 0:02:34.716042
StAnWorks_install_cq: 0:00:16.317385
StAnWorks_works_pvs_on_test6: 0:00:00.000011
StAnWorks_works_oint_on_test6: 0:00:00.000013
StAnWorks_works_cc_on_test6: 0:00:00.000013
