ListWorksALL: 0:01:28.098508
StAnWorks_install_pvs: 0:00:11.595730
StAnWorks_install_oint: 0:11:15.181273
StAnWorks_install_cppc: 0:03:51.920420
StAnWorks_install_cc: 0:02:37.965154
StAnWorks_install_cq: 0:00:21.968250
StAnWorks_works_pvs_on_290321oft3: 0:00:00.000013
StAnWorks_works_oint_on_290321oft3: 0:02:04.507011
StAnWorks_works_cc_on_290321oft3: 4:01:49.274527
