ListWorksALL: 0:00:49.331915
StAnWorks_install_pvs: 0:00:08.760349
StAnWorks_install_oint: 0:10:03.810089
StAnWorks_install_cppc: 0:00:18.197720
StAnWorks_install_cc: 0:03:16.052649
