ListWorksALL: 0:01:55.715473
StAnWorks_install_pvs: 0:00:11.851754
StAnWorks_install_oint: 0:09:49.309404
StAnWorks_install_cppc: 0:03:42.613285
StAnWorks_install_cc: 0:02:25.893589
