ListWorksALL: 0:00:22.983902
StAnWorks_install_pvs: 0:00:12.165009
StAnWorks_install_oint: 0:10:15.958330
StAnWorks_install_cppc: 0:10:15.958330
StAnWorks_install_cc: 0:01:01.231957
StAnWorks_works_pvs_on_smalltmp: 0:12:35.854324
StAnWorks_works_oint_on_smalltmp: 0:04:50.958494
