ListWorksALL: 0:00:49.331915
StAnWorks_install_pvs: 0:00:08.760349
StAnWorks_install_oint: 0:10:03.810089
StAnWorks_install_cppc: 0:00:18.197720
StAnWorks_install_cc: 0:03:16.052649
StAnWorks_install_cq: 0:00:34.214020
StAnWorks_install_pvs: 0:00:19.792109
StAnWorks_install_cq: 0:00:42.527374
