ListWorksALL: 0:01:16.994944
StAnWorks_install_pvs: 0:00:14.935021
StAnWorks_install_oint: 0:09:12.296422
StAnWorks_install_cppc: 0:03:46.526873
StAnWorks_install_cc: 0:03:17.320005
