ListWorksALL: 0:02:06.991277
StAnWorks_install_pvs: 0:00:17.104885
StAnWorks_install_oint: 0:11:52.023588
StAnWorks_install_cppc: 0:04:06.392970
StAnWorks_install_cc: 0:02:52.663655
