ListWorksALL: 0:01:01.524666
StAnWorks_install_pvs: 0:00:11.333247
StAnWorks_install_oint: 0:09:36.353126
StAnWorks_install_cppc: 0:03:55.230427
StAnWorks_install_cc: 0:03:36.473790
StAnWorks_works_pvs_on_test4_1: 2:35:28.816671
StAnWorks_works_oint_on_test4_1: 2:17:11.875594
