ListWorksALL: 0:01:38.000447
StAnWorks_install_pvs: 0:00:19.430400
StAnWorks_install_oint: 0:11:13.295112
StAnWorks_install_cppc: 0:03:56.888573
StAnWorks_install_cc: 0:02:39.880670
StAnWorks_install_cq: 0:00:16.042391
