ListWorksALL: 0:02:13.179129
StAnWorks_install_pvs: 0:00:09.499240
StAnWorks_install_oint: 0:11:45.390856
StAnWorks_install_cppc: 0:04:15.919047
StAnWorks_install_cc: 0:03:12.670265
StAnWorks_install_cq: 0:00:20.250915
