ListWorksALL: 0:00:17.773168
StAnWorks_install_pvs: 0:00:07.758844
StAnWorks_install_oint: 0:10:54.321171
StAnWorks_install_cppc: 0:03:56.564510
StAnWorks_install_cc: 0:01:04.164935
StAnWorks_install_cq: 0:00:29.854022
StAnWorks_works_pvs_on_m110622p13: 0:00:00.000014
StAnWorks_works_cq_on_m110622p13: 0:00:00.000012
StAnWorks_works_oint_on_m110622p13: 0:30:02.220374
StAnWorks_works_cc_on_m110622p13: 0:00:00.000014
