ListWorksALL: 0:02:10.828713
StAnWorks_install_pvs: 0:00:11.284748
StAnWorks_install_oint: 0:11:13.543622
StAnWorks_install_cppc: 0:03:59.828151
StAnWorks_install_cc: 0:03:08.442210
StAnWorks_install_cq: 0:00:18.802718
StAnWorks_works_pvs_on_290321oft3: 0:00:00.000021
