ListWorksALL: 0:01:57.993719
StAnWorks_install_pvs: 0:00:17.084111
StAnWorks_install_oint: 0:10:04.931722
StAnWorks_install_cppc: 0:03:25.122017
StAnWorks_install_cc: 0:02:24.981535
