ListWorksALL: 0:00:09.019017
StAnWorks_install_pvs: 0:00:07.811759
StAnWorks_install_oint: 0:10:15.203518
StAnWorks_install_cppc: 0:03:54.604364
StAnWorks_install_cc: 0:03:46.878516
