ListWorksALL: 0:01:10.535200
StAnWorks_install_pvs: 0:00:08.308768
StAnWorks_install_oint: 0:11:18.839449
StAnWorks_install_cppc: 0:00:16.533608
StAnWorks_install_cc: 0:03:41.511695
