ListWorksALL: 0:01:56.194359
StAnWorks_install_pvs: 0:00:11.601605
StAnWorks_install_oint: 0:10:15.901582
StAnWorks_install_cppc: 0:03:39.011254
StAnWorks_install_cc: 0:02:57.667013
StAnWorks_install_cq: 0:00:16.845870
