ListWorksALL: 0:02:15.672167
StAnWorks_install_pvs: 0:00:20.387333
StAnWorks_install_oint: 0:13:31.951372
StAnWorks_install_cppc: 0:04:49.884167
StAnWorks_install_cc: 0:03:16.822182
StAnWorks_install_cq: 0:00:22.121299
StAnWorks_works_pvs_on_test4: 0:00:00.000014
StAnWorks_works_oint_on_test4: 0:11:26.456727
StAnWorks_works_cc_on_test4: 0:00:00.000014
StAnWorks_works_cppc_on_test4: 4:02:13.318873
StAnWorks_works_cq_on_test4: 0:00:00.000013
StAnWorks_works_pvs_on_test2: 0:00:00.000014
