ListWorksALL: 0:00:10.079511
StAnWorks_install_pvs: 0:00:10.120502
StAnWorks_install_oint: 0:14:49.064383
StAnWorks_install_cppc: 0:05:08.739574
StAnWorks_install_cc: 0:04:53.598865
