ListWorksALL: 0:02:05.506718
StAnWorks_install_pvs: 0:00:13.030208
StAnWorks_install_oint: 0:11:59.163146
StAnWorks_install_cppc: 0:03:59.769141
StAnWorks_install_cc: 0:03:18.028763
StAnWorks_install_cq: 0:00:17.685174
