ListWorksALL: 0:02:04.557520
StAnWorks_install_pvs: 0:00:12.767905
StAnWorks_install_oint: 0:13:13.364588
StAnWorks_install_cppc: 0:04:35.539015
StAnWorks_install_cc: 0:03:44.097960
StAnWorks_install_cq: 0:00:19.196029
StAnWorks_works_pvs_on_290321oft3: 0:00:00.000017
StAnWorks_works_oint_on_290321oft3: 0:02:17.786212
