ListWorksALL: 0:00:40.248095
StAnWorks_install_pvs: 0:00:08.566257
StAnWorks_install_oint: 0:11:04.255128
StAnWorks_install_cppc: 0:00:17.472170
StAnWorks_install_cc: 0:03:42.290201
StAnWorks_install_cq: 0:01:05.202840
StAnWorks_works_pvs_on_m200822p4: 1:40:38.600256
