ListWorksALL: 0:00:12.421432
StAnWorks_install_pvs: 0:00:08.794324
StAnWorks_install_oint: 0:10:57.336119
StAnWorks_install_cppc: 0:03:55.793813
StAnWorks_install_cc: 0:03:28.398547
StAnWorks_install_cq: 0:00:24.872007
StAnWorks_works_pvs_on_m280522p11: 4:00:30.087320
