ListWorksALL: 0:02:01.086583
StAnWorks_install_pvs: 0:00:08.695566
StAnWorks_install_oint: 0:09:51.774046
StAnWorks_install_cppc: 0:03:23.206091
StAnWorks_install_cc: 0:02:41.317522
