ListWorksALL: 0:00:27.071495
StAnWorks_install_pvs: 0:00:08.410644
StAnWorks_install_oint: 0:10:26.323990
StAnWorks_install_cppc: 0:00:16.234705
StAnWorks_install_cc: 0:03:27.233177
StAnWorks_install_cq: 0:00:27.483631
StAnWorks_works_pvs_on_m060822p2: 0:00:00.000013
StAnWorks_works_cq_on_m060822p2: 0:00:00.000012
StAnWorks_works_oint_on_m060822p2: 0:48:50.627394
