ListWorksALL: 0:02:08.863943
StAnWorks_install_pvs: 0:00:09.917378
StAnWorks_install_oint: 0:11:31.873212
StAnWorks_install_cppc: 0:04:06.434626
StAnWorks_install_cc: 0:03:10.201654
StAnWorks_install_cq: 0:00:17.196370
StAnWorks_works_pvs_on_220221oft: 0:00:00.000012
StAnWorks_works_oint_on_220221oft: 0:02:26.700119
StAnWorks_works_cc_on_220221oft: 0:00:00.000012
