ListWorksALL: 0:02:16.790033
StAnWorks_install_pvs: 0:00:14.118495
StAnWorks_install_oint: 0:12:28.542432
StAnWorks_install_cppc: 0:04:19.612112
StAnWorks_install_cc: 0:02:52.985617
StAnWorks_install_cq: 0:00:20.185826
StAnWorks_works_pvs_on_100421oft4: 0:00:00.000013
StAnWorks_works_oint_on_100421oft4: 0:02:24.362932
