ListWorksALL: 0:00:14.361495
StAnWorks_install_pvs: 0:00:09.168622
StAnWorks_install_oint: 0:14:52.275156
StAnWorks_install_cppc: 0:04:59.702300
StAnWorks_install_cc: 0:04:59.295565
StAnWorks_install_cq: 0:00:57.881313
StAnWorks_works_pvs_on_newDesc230722p1: 0:41:00.931018
