ListWorksALL: 0:02:16.527856
StAnWorks_install_pvs: 0:00:09.502656
StAnWorks_install_oint: 0:12:00.774055
StAnWorks_install_cppc: 0:04:23.051755
StAnWorks_install_cc: 0:03:17.546015
StAnWorks_install_cq: 0:00:18.189313
StAnWorks_works_pvs_on_test4_1: 0:41:24.938575
StAnWorks_works_oint_on_test4_1: 0:00:00.000013
