ListWorksALL: 0:02:12.240030
StAnWorks_install_pvs: 0:00:12.347503
StAnWorks_install_oint: 0:13:14.955378
StAnWorks_install_cppc: 0:04:32.798915
StAnWorks_install_cc: 0:03:45.466435
StAnWorks_install_cq: 0:00:19.025450
StAnWorks_works_pvs_on_150321oft2: 0:00:00.000015
StAnWorks_works_oint_on_150321oft2: 1:08:50.435051
