ListWorksALL: 0:00:58.130845
StAnWorks_install_pvs: 0:00:09.093857
StAnWorks_install_oint: 0:12:51.181357
StAnWorks_install_cppc: 0:04:35.284693
StAnWorks_install_cc: 0:04:13.167270
