ListWorksALL: 0:01:11.928705
StAnWorks_install_pvs: 0:00:11.443513
StAnWorks_install_oint: 0:12:58.299803
StAnWorks_install_cppc: 0:00:21.516024
StAnWorks_install_cc: 0:04:06.925390
