ListWorksALL: 0:01:32.080537
StAnWorks_install_pvs: 0:00:16.592117
StAnWorks_install_oint: 0:10:03.046051
StAnWorks_install_cppc: 0:04:05.979107
StAnWorks_install_cc: 0:03:53.672259
StAnWorks_install_cq: 0:00:21.776672
StAnWorks_works_pvs_on_newtest3: 0:00:00.000030
StAnWorks_works_oint_on_newtest3: 0:00:00.000023
StAnWorks_works_cc_on_newtest3: 0:00:00.000022
StAnWorks_works_cppc_on_newtest3: 0:00:00.000022
StAnWorks_works_cq_on_newtest3: 4:01:50.903607
