ListWorksALL: 0:02:16.714145
StAnWorks_install_pvs: 0:00:11.204725
StAnWorks_install_oint: 0:13:49.410021
StAnWorks_install_cppc: 0:04:40.958580
StAnWorks_install_cc: 0:03:48.292650
