ListWorksALL: 0:01:42.631769
StAnWorks_install_pvs: 0:00:11.538437
StAnWorks_install_oint: 0:09:39.432506
StAnWorks_install_cppc: 0:03:34.951834
StAnWorks_install_cc: 0:02:46.448916
