ListWorksALL: 0:02:26.352350
StAnWorks_install_pvs: 0:00:11.941062
StAnWorks_install_oint: 0:11:51.630856
StAnWorks_install_cppc: 0:04:18.694530
StAnWorks_install_cc: 0:03:22.155593
StAnWorks_install_cq: 0:00:20.341361
StAnWorks_works_pvs_on_210321oft3: 0:00:00.000012
StAnWorks_works_oint_on_210321oft3: 0:00:00.000012
StAnWorks_works_cc_on_210321oft3: 0:00:00.000013
StAnWorks_works_cppc_on_210321oft3: 4:03:05.730586
