ListWorksALL: 0:02:06.543072
StAnWorks_install_pvs: 0:00:15.299036
StAnWorks_install_oint: 0:10:21.252793
StAnWorks_install_cppc: 0:03:46.765906
StAnWorks_install_cc: 0:02:32.865877
