ListWorksALL: 0:01:33.996109
StAnWorks_install_pvs: 0:00:14.082780
StAnWorks_install_oint: 0:07:51.189940
StAnWorks_install_cppc: 0:03:15.153023
StAnWorks_install_cc: 0:02:55.543565
StAnWorks_install_cq: 0:00:19.634469
StAnWorks_works_pvs_on_test1: 0:00:00.000026
StAnWorks_works_oint_on_test1: 0:02:40.689572
StAnWorks_works_cc_on_test1: 0:00:00.000018
