ListWorksALL: 0:01:53.871789
StAnWorks_install_pvs: 0:00:10.898265
StAnWorks_install_oint: 0:08:57.103025
StAnWorks_install_cppc: 0:03:48.013156
StAnWorks_install_cc: 0:03:14.328601
StAnWorks_install_cq: 0:00:16.833425
