ListWorksALL: 0:02:30.007565
StAnWorks_install_pvs: 0:00:33.403372
StAnWorks_install_oint: 0:08:41.839768
StAnWorks_install_cppc: 0:03:12.161350
StAnWorks_install_cc: 0:02:11.046184
StAnWorks_install_cq: 0:00:19.079725
StAnWorks_works_pvs_on_newtest3: 0:00:00.000020
StAnWorks_works_oint_on_newtest3: 0:00:00.000010
