ListWorksALL: 0:00:38.988465
StAnWorks_install_pvs: 0:00:08.347695
StAnWorks_install_oint: 0:10:45.409603
StAnWorks_install_cppc: 0:03:52.943842
StAnWorks_install_cc: 0:03:20.885215
