ListWorksALL: 0:02:08.204311
StAnWorks_install_pvs: 0:00:11.687878
StAnWorks_install_oint: 0:12:13.160650
StAnWorks_install_cppc: 0:04:21.389008
StAnWorks_install_cc: 0:03:02.777702
StAnWorks_install_cq: 0:00:20.544941
