ListWorksALL: 0:00:36.007684
StAnWorks_install_pvs: 0:00:08.468506
StAnWorks_install_oint: 0:11:09.987840
StAnWorks_install_cppc: 0:03:51.500316
StAnWorks_install_cc: 0:03:36.269015
StAnWorks_install_cq: 0:00:28.957596
StAnWorks_works_pvs_on_m060822p2: 0:00:00.000025
