ListWorksALL: 0:00:32.139195
StAnWorks_install_pvs: 0:00:10.065319
StAnWorks_install_oint: 0:12:26.807031
StAnWorks_install_cppc: 0:04:36.313646
StAnWorks_install_cc: 0:04:18.475801
