ListWorksALL: 0:02:04.670597
StAnWorks_install_pvs: 0:00:08.870425
StAnWorks_install_oint: 0:12:43.867055
StAnWorks_install_cppc: 0:04:18.092285
StAnWorks_install_cc: 0:03:22.089647
StAnWorks_install_cq: 0:00:18.393859
StAnWorks_works_pvs_on_100421oft4: 0:03:01.789551
StAnWorks_works_oint_on_100421oft4: 0:02:24.550793
StAnWorks_works_cc_on_100421oft4: 0:00:00.000013
