ListWorksALL: 0:01:37.133022
StAnWorks_install_pvs: 0:00:14.441045
StAnWorks_install_oint: 0:09:00.646253
StAnWorks_install_cppc: 0:03:44.207725
StAnWorks_install_cc: 0:03:15.669803
StAnWorks_install_cq: 0:00:21.233937
