ListWorksALL: 0:01:13.090871
StAnWorks_install_pvs: 0:00:11.771976
StAnWorks_install_oint: 0:07:52.051436
StAnWorks_install_cppc: 0:03:12.863783
StAnWorks_install_cc: 0:02:47.730826
StAnWorks_install_cq: 0:00:16.403497
StAnWorks_works_pvs_on_newtest3: 0:00:00.000023
StAnWorks_works_oint_on_newtest3: 0:00:00.000016
