ListWorksALL: 0:00:45.953996
StAnWorks_install_pvs: 0:00:07.816484
StAnWorks_install_oint: 0:10:07.630465
StAnWorks_install_cppc: 0:00:17.697329
StAnWorks_install_cc: 0:03:17.457152
