ListWorksALL: 0:00:27.951125
StAnWorks_install_pvs: 0:00:07.487666
StAnWorks_install_oint: 0:08:28.292161
StAnWorks_install_cppc: 0:00:19.137278
StAnWorks_install_cc: 0:03:15.389972
StAnWorks_install_cq: 0:00:33.742203
StAnWorks_works_pvs_on_m200822p4: 1:31:20.673452
StAnWorks_works_cq_on_m200822p4: 0:23:42.313647
StAnWorks_works_oint_on_m200822p4: 0:07:38.543965
StAnWorks_works_cc_on_m200822p4: 1:05:40.583037
StAnWorks_works_cppc_on_m200822p4: 0:06:51.035287
