ListWorksALL: 0:02:23.143594
StAnWorks_install_pvs: 0:00:11.653826
StAnWorks_install_oint: 0:13:12.048742
StAnWorks_install_cppc: 0:04:47.558856
StAnWorks_install_cc: 0:03:34.296789
StAnWorks_install_cq: 0:00:18.326097
StAnWorks_works_pvs_on_newtest3: 0:00:00.000015
StAnWorks_works_oint_on_newtest3: 0:00:00.000012
StAnWorks_works_cc_on_newtest3: 0:00:00.000013
StAnWorks_works_cppc_on_newtest3: 4:02:13.678332
