ListWorksALL: 0:00:42.254991
StAnWorks_install_pvs: 0:00:07.996005
StAnWorks_install_oint: 0:09:57.006410
StAnWorks_install_cppc: 0:00:17.642236
StAnWorks_install_cc: 0:03:11.528363
StAnWorks_install_cq: 0:00:32.571035
