ListWorksALL: 0:01:17.755435
StAnWorks_install_pvs: 0:00:09.906247
StAnWorks_install_oint: 0:15:43.170640
StAnWorks_install_cppc: 0:00:22.017610
StAnWorks_install_cc: 0:05:00.120530
StAnWorks_install_cq: 0:00:35.071524
StAnWorks_install_pvs: 0:00:19.979156
StAnWorks_install_cq: 0:00:30.042879
StAnWorks_install_pvs: 0:00:24.063324
StAnWorks_install_cq: 0:00:40.410696
StAnWorks_install_pvs: 0:00:35.501547
StAnWorks_install_cq: 0:00:30.027958
