ListWorksALL: 0:00:25.993489
StAnWorks_install_pvs: 0:00:07.249991
StAnWorks_install_oint: 0:10:41.714479
StAnWorks_install_cppc: 0:03:56.941939
StAnWorks_install_cc: 0:03:38.318041
StAnWorks_install_cq: 0:00:29.062579
StAnWorks_works_pvs_on_newDesc230722p1: 0:06:53.741897
StAnWorks_works_cq_on_newDesc230722p1: 0:07:37.044613
StAnWorks_works_oint_on_newDesc230722p1: 0:01:07.031358
StAnWorks_works_cc_on_newDesc230722p1: 0:00:00.000013
