ListWorksALL: 0:02:06.284700
StAnWorks_install_pvs: 0:00:11.968287
StAnWorks_install_oint: 0:10:30.019111
StAnWorks_install_cppc: 0:04:01.618485
StAnWorks_install_cc: 0:02:35.533715
