ListWorksALL: 0:02:04.394743
StAnWorks_install_pvs: 0:00:26.436917
StAnWorks_install_oint: 0:11:19.663852
StAnWorks_install_cppc: 0:04:14.967043
StAnWorks_install_cc: 0:02:59.808633
StAnWorks_install_cq: 0:00:18.654076
StAnWorks_works_pvs_on_220221oft: 0:00:00.000019
StAnWorks_works_oint_on_220221oft: 0:02:29.307738
