ListWorksALL: 0:02:17.626657
StAnWorks_install_pvs: 0:00:12.123969
StAnWorks_install_oint: 0:12:59.288679
StAnWorks_install_cppc: 0:04:33.666581
StAnWorks_install_cc: 0:00:50.830848
StAnWorks_install_cq: 0:00:19.093822
