ListWorksALL: 0:01:04.033768
StAnWorks_install_pvs: 0:00:13.034976
StAnWorks_install_oint: 0:08:43.564348
StAnWorks_install_cppc: 0:03:23.189169
StAnWorks_install_cc: 0:03:11.750666
