ListWorksALL: 0:01:48.248393
StAnWorks_install_pvs: 0:00:11.317246
StAnWorks_install_oint: 0:08:07.641890
StAnWorks_install_cppc: 0:03:18.393659
StAnWorks_install_cc: 0:03:03.551818
