ListWorksALL: 0:00:21.416526
StAnWorks_install_pvs: 0:00:08.047159
StAnWorks_install_oint: 0:10:50.309919
StAnWorks_install_cppc: 0:03:52.340743
StAnWorks_install_cc: 0:03:17.589110
StAnWorks_install_cq: 0:00:24.398227
