ListWorksALL: 0:01:54.961159
StAnWorks_install_pvs: 0:00:10.881160
StAnWorks_install_oint: 0:10:15.944492
StAnWorks_install_cppc: 0:03:28.562174
StAnWorks_install_cc: 0:02:46.639527
