ListWorksALL: 0:01:58.507172
StAnWorks_install_pvs: 0:00:11.287901
StAnWorks_install_oint: 0:12:15.740144
StAnWorks_install_cppc: 0:04:05.487252
StAnWorks_install_cc: 0:03:25.743635
StAnWorks_install_cq: 0:00:19.890436
StAnWorks_works_pvs_on_160421oft4: 0:02:14.335838
StAnWorks_works_oint_on_160421oft4: 0:00:00.000018
StAnWorks_works_cc_on_160421oft4: 0:00:00.000019
StAnWorks_works_cppc_on_160421oft4: 0:00:00.000013
StAnWorks_works_cq_on_160421oft4: 0:13:54.759566
StAnWorks_works_pvs_on_test5: 0:03:55.517452
