ListWorksALL: 0:02:12.303326
StAnWorks_install_pvs: 0:00:11.379080
StAnWorks_install_oint: 0:11:45.490456
StAnWorks_install_cppc: 0:04:21.472060
StAnWorks_install_cc: 0:03:13.295128
StAnWorks_install_cq: 0:00:19.921293
