ListWorksALL: 0:01:56.940585
StAnWorks_install_pvs: 0:00:11.887978
StAnWorks_install_oint: 0:11:20.777318
StAnWorks_install_cppc: 0:03:53.848640
StAnWorks_install_cc: 0:02:44.083647
