ListWorksALL: 0:00:49.852957
StAnWorks_install_pvs: 0:00:08.320488
StAnWorks_install_oint: 0:10:32.782883
StAnWorks_install_cppc: 0:00:17.174708
StAnWorks_install_cc: 0:03:33.121038
StAnWorks_install_cq: 0:00:31.714014
