ListWorksALL: 0:02:08.436210
StAnWorks_install_pvs: 0:00:21.407458
StAnWorks_install_oint: 0:12:05.382775
StAnWorks_install_cppc: 0:04:02.723892
StAnWorks_install_cc: 0:03:29.963346
