ListWorksALL: 0:01:46.587602
StAnWorks_install_pvs: 0:00:10.284200
StAnWorks_install_oint: 0:10:56.919999
StAnWorks_install_cppc: 0:03:58.414074
StAnWorks_install_cc: 0:02:42.187337
StAnWorks_install_cq: 0:00:18.211634
StAnWorks_works_pvs_on_150321oft2: 0:00:00.000018
StAnWorks_works_oint_on_150321oft2: 0:56:33.015242
