ListWorksALL: 0:02:00.934700
StAnWorks_install_pvs: 0:00:08.277544
StAnWorks_install_oint: 0:09:53.744062
StAnWorks_install_cppc: 0:03:33.757673
StAnWorks_install_cc: 0:02:39.333413
StAnWorks_install_cq: 0:00:15.434447
StAnWorks_works_pvs_on_290321oft3: 0:00:00.000011
StAnWorks_works_oint_on_290321oft3: 0:02:05.749950
StAnWorks_works_cc_on_290321oft3: 0:00:00.000014
StAnWorks_works_cppc_on_290321oft3: 0:00:00.000011
StAnWorks_works_cq_on_290321oft3: 3:07:07.684391
