ListWorksALL: 0:00:52.526342
StAnWorks_install_pvs: 0:00:11.211368
StAnWorks_install_oint: 0:09:12.285259
StAnWorks_install_cppc: 0:03:47.808108
StAnWorks_install_cc: 0:03:14.414154
StAnWorks_works_pvs_on_test2: 0:00:00.000019
