ListWorksALL: 0:02:12.052946
StAnWorks_install_pvs: 0:00:11.908985
StAnWorks_install_oint: 0:11:34.079893
StAnWorks_install_cppc: 0:04:08.366599
StAnWorks_install_cc: 0:03:18.142975
