ListWorksALL: 0:02:03.384354
StAnWorks_install_pvs: 0:00:10.241038
StAnWorks_install_oint: 0:12:54.375431
StAnWorks_install_cppc: 0:04:18.384136
StAnWorks_install_cc: 0:03:37.007677
