ListWorksALL: 0:01:00.022998
StAnWorks_install_pvs: 0:00:12.604446
StAnWorks_install_oint: 0:15:13.209597
StAnWorks_install_cppc: 0:00:20.528103
StAnWorks_install_cc: 0:04:59.693200
StAnWorks_install_cq: 0:01:03.743203
