ListWorksALL: 0:00:30.249131
StAnWorks_install_pvs: 0:00:15.862486
StAnWorks_install_oint: 0:10:11.215559
StAnWorks_install_cppc: 0:04:04.010463
StAnWorks_install_cc: 0:03:37.492627
