ListWorksALL: 0:01:38.172933
StAnWorks_install_pvs: 0:00:11.138307
StAnWorks_install_oint: 0:09:38.142111
StAnWorks_install_cppc: 0:03:34.334672
StAnWorks_install_cc: 0:02:24.484032
StAnWorks_install_cq: 0:00:17.546681
