ListWorksALL: 0:00:30.942958
StAnWorks_install_pvs: 0:00:08.207044
StAnWorks_install_oint: 0:10:42.334767
StAnWorks_install_cppc: 0:03:48.060994
StAnWorks_install_cc: 0:03:29.705154
StAnWorks_install_cq: 0:00:29.115906
StAnWorks_works_pvs_on_m060822p2: 0:00:00.000013
