ListWorksALL: 0:02:04.854712
StAnWorks_install_pvs: 0:00:10.655639
StAnWorks_install_oint: 0:10:35.270664
StAnWorks_install_cppc: 0:03:40.063837
StAnWorks_install_cc: 0:02:56.030993
StAnWorks_install_cq: 0:00:18.028929
StAnWorks_works_pvs_on_150321oft2: 0:00:00.000012
StAnWorks_works_oint_on_150321oft2: 0:54:27.490447
