ListWorksALL: 0:01:40.462361
StAnWorks_install_pvs: 0:00:13.489607
StAnWorks_install_oint: 0:12:33.071686
StAnWorks_install_cppc: 0:04:31.634653
StAnWorks_install_cc: 0:02:58.737087
StAnWorks_install_cq: 0:00:18.252437
StAnWorks_works_pvs_on_210321oft3: 0:00:00.000014
StAnWorks_works_oint_on_210321oft3: 0:00:00.000014
