ListWorksALL: 0:02:07.422379
StAnWorks_install_pvs: 0:00:14.962628
StAnWorks_install_oint: 0:11:14.775949
StAnWorks_install_cppc: 0:04:08.447133
StAnWorks_install_cc: 0:02:44.971616
StAnWorks_install_cq: 0:00:18.112799
StAnWorks_works_pvs_on_220221oft: 0:00:00.000013
