ListWorksALL: 0:02:07.368907
StAnWorks_install_pvs: 0:00:10.612607
StAnWorks_install_oint: 0:12:56.635748
StAnWorks_install_cppc: 0:04:26.982373
StAnWorks_install_cc: 0:03:31.236763
StAnWorks_install_cq: 0:00:18.739161
StAnWorks_works_pvs_on_100421oft4: 0:03:05.454736
StAnWorks_works_oint_on_100421oft4: 0:02:30.399891
StAnWorks_works_cc_on_100421oft4: 0:00:00.000018
StAnWorks_works_cppc_on_100421oft4: 0:28:21.734249
StAnWorks_works_cq_on_100421oft4: 0:32:12.862132
StAnWorks_works_pvs_on_150321oft2: 0:06:40.685950
StAnWorks_works_oint_on_150321oft2: 1:08:17.851874
