ListWorksALL: 0:02:16.317057
StAnWorks_install_pvs: 0:00:08.778830
StAnWorks_install_oint: 0:11:49.789257
StAnWorks_install_cppc: 0:04:14.583601
StAnWorks_install_cc: 0:03:12.476013
StAnWorks_install_cq: 0:00:19.196595
