ListWorksALL: 0:02:20.791472
StAnWorks_install_pvs: 0:00:12.451701
StAnWorks_install_oint: 0:13:42.280920
StAnWorks_install_cppc: 0:04:53.002200
StAnWorks_install_cc: 0:03:31.626686
StAnWorks_install_cq: 0:00:20.646669
StAnWorks_works_pvs_on_220221oft: 0:02:41.342696
