ListWorksALL: 0:00:47.851527
StAnWorks_install_pvs: 0:00:09.665052
StAnWorks_install_oint: 0:10:59.000491
StAnWorks_install_cppc: 0:00:17.638921
StAnWorks_install_cc: 0:03:42.521794
StAnWorks_install_cq: 0:00:30.496552
StAnWorks_works_pvs_on_m120822p3: 0:00:00.000016
StAnWorks_install_pvs: 0:00:19.012463
StAnWorks_install_cq: 0:00:30.202442
StAnWorks_works_pvs_on_m120822p3: 0:00:00.000013
