ListWorksALL: 0:00:15.478352
StAnWorks_install_pvs: 0:00:11.327612
StAnWorks_install_oint: 0:09:10.099609
StAnWorks_install_cppc: 0:03:46.410215
StAnWorks_install_cc: 0:03:02.575840
