ListWorksALL: 0:00:42.654247
StAnWorks_install_pvs: 0:00:07.956566
StAnWorks_install_oint: 0:11:16.718643
StAnWorks_install_cppc: 0:00:16.977112
StAnWorks_install_cc: 0:03:31.088283
StAnWorks_install_cq: 0:00:29.553794
