ListWorksALL: 0:00:50.599441
StAnWorks_install_pvs: 0:00:09.529833
StAnWorks_install_oint: 0:12:22.093523
StAnWorks_install_cppc: 0:00:19.567531
StAnWorks_install_cc: 0:04:04.376196
StAnWorks_install_cq: 0:00:36.304514
StAnWorks_works_pvs_on_m060822p2: 0:00:00.000014
StAnWorks_works_cq_on_m060822p2: 0:00:00.000013
StAnWorks_install_pvs: 0:00:24.572965
StAnWorks_install_cq: 0:01:30.860670
