ListWorksALL: 0:02:00.534692
StAnWorks_install_pvs: 0:00:16.690168
StAnWorks_install_oint: 0:13:13.247091
StAnWorks_install_cppc: 0:04:44.028808
StAnWorks_install_cc: 0:03:22.056272
