ListWorksALL: 0:00:10.182233
StAnWorks_install_pvs: 0:00:07.586987
StAnWorks_install_oint: 0:10:49.691529
StAnWorks_install_cppc: 0:03:42.614406
StAnWorks_install_cc: 0:03:23.989087
StAnWorks_install_cq: 0:00:46.315915
StAnWorks_install_pvs: 0:00:23.000773
StAnWorks_install_cq: 0:00:47.041721
StAnWorks_install_pvs: 0:00:19.967082
StAnWorks_install_cq: 0:00:26.498258
StAnWorks_install_pvs: 0:00:42.321635
StAnWorks_install_cq: 0:00:51.830465
