ListWorksALL: 0:01:58.287758
StAnWorks_install_pvs: 0:00:12.532546
StAnWorks_install_oint: 0:09:53.024873
StAnWorks_install_cppc: 0:03:15.262881
StAnWorks_install_cc: 0:02:43.151038
StAnWorks_install_cq: 0:00:23.838006
StAnWorks_works_pvs_on_290321oft3: 0:00:00.000019
StAnWorks_works_oint_on_290321oft3: 0:02:10.699238
StAnWorks_works_cc_on_290321oft3: 0:00:00.000025
