ListWorksALL: 0:02:11.812673
StAnWorks_install_pvs: 0:00:03.784354
StAnWorks_install_oint: 0:11:36.096174
StAnWorks_install_cppc: 0:04:10.281321
StAnWorks_install_cc: 0:03:13.735763
