ListWorksALL: 0:02:00.839665
StAnWorks_install_pvs: 0:00:10.569771
StAnWorks_install_oint: 0:11:53.231926
StAnWorks_install_cppc: 0:03:55.871785
StAnWorks_install_cc: 0:03:12.407730
