ListWorksALL: 0:01:34.176579
StAnWorks_install_pvs: 0:00:13.201017
StAnWorks_install_oint: 0:09:48.824130
StAnWorks_install_cppc: 0:03:49.994672
StAnWorks_install_cc: 0:03:34.521509
