ListWorksALL: 0:02:14.566140
StAnWorks_install_pvs: 0:00:09.926313
StAnWorks_install_oint: 0:11:13.915018
StAnWorks_install_cppc: 0:04:07.678111
StAnWorks_install_cc: 0:03:17.460920
StAnWorks_install_cq: 0:00:18.508989
StAnWorks_works_pvs_on_150321oft2: 0:00:00.000021
StAnWorks_works_oint_on_150321oft2: 0:59:08.812803
StAnWorks_works_cc_on_150321oft2: 0:00:00.000012
