ListWorksALL: 0:02:02.320934
StAnWorks_install_pvs: 0:00:20.584516
StAnWorks_install_oint: 0:12:39.973007
StAnWorks_install_cppc: 0:04:27.908602
StAnWorks_install_cc: 0:03:07.173355
StAnWorks_install_cq: 0:00:20.011131
StAnWorks_works_pvs_on_test4_1: 0:00:00.000014
StAnWorks_works_oint_on_test4_1: 0:00:00.000012
