ListWorksALL: 0:02:17.053699
StAnWorks_install_pvs: 0:00:12.756269
StAnWorks_install_oint: 0:13:34.171536
StAnWorks_install_cppc: 0:04:33.354796
StAnWorks_install_cc: 0:03:42.917959
StAnWorks_install_cq: 0:00:18.152121
StAnWorks_works_pvs_on_210321oft3: 0:00:00.000014
StAnWorks_works_oint_on_210321oft3: 0:00:00.000012
StAnWorks_works_cc_on_210321oft3: 0:00:00.000014
StAnWorks_works_cppc_on_210321oft3: 4:02:15.294695
StAnWorks_works_cq_on_210321oft3: 0:25:34.952312
