ListWorksALL: 0:01:32.080537
StAnWorks_install_pvs: 0:00:16.592117
StAnWorks_install_oint: 0:10:03.046051
StAnWorks_install_cppc: 0:04:05.979107
StAnWorks_install_cc: 0:03:53.672259
