ListWorksALL: 0:01:56.940585
StAnWorks_install_pvs: 0:00:11.887978
StAnWorks_install_oint: 0:11:20.777318
StAnWorks_install_cppc: 0:03:53.848640
StAnWorks_install_cc: 0:02:44.083647
StAnWorks_install_cq: 0:00:17.268748
StAnWorks_works_pvs_on_060321oft2: 0:06:15.803842
