ListWorksALL: 0:02:03.047303
StAnWorks_install_pvs: 0:00:16.072188
StAnWorks_install_oint: 0:11:06.487814
StAnWorks_install_cppc: 0:04:00.189907
StAnWorks_install_cc: 0:02:52.908664
StAnWorks_install_cq: 0:00:23.088288
StAnWorks_works_pvs_on_newtest3: 0:00:00.000019
StAnWorks_works_oint_on_newtest3: 0:00:00.000010
StAnWorks_works_cc_on_newtest3: 0:59:03.789840
