ListWorksALL: 0:00:36.214498
StAnWorks_install_pvs: 0:00:08.554130
StAnWorks_install_oint: 0:10:28.864655
StAnWorks_install_cppc: 0:00:17.328518
StAnWorks_install_cc: 0:03:27.559839
StAnWorks_install_cq: 0:00:28.025627
StAnWorks_works_pvs_on_newDesc230722p1: 0:39:04.501830
StAnWorks_works_cq_on_newDesc230722p1: 1:30:53.810163
StAnWorks_works_oint_on_newDesc230722p1: 0:14:33.556995
StAnWorks_works_cc_on_newDesc230722p1: 0:36:35.669971
StAnWorks_works_cppc_on_newDesc230722p1: 0:03:16.245697
