ListWorksALL: 0:02:13.700222
StAnWorks_install_pvs: 0:00:10.095041
StAnWorks_install_oint: 0:12:03.080619
StAnWorks_install_cppc: 0:04:18.588434
StAnWorks_install_cc: 0:03:32.102977
