ListWorksALL: 0:00:15.588301
StAnWorks_install_pvs: 0:00:08.580448
StAnWorks_install_oint: 0:11:04.597460
StAnWorks_install_cppc: 0:03:56.569874
StAnWorks_install_cc: 0:03:29.490895
StAnWorks_install_cq: 0:01:08.755759
StAnWorks_works_pvs_on_m030622p12: 1:25:36.982204
