ListWorksALL: 0:00:50.730954
StAnWorks_install_pvs: 0:00:09.828936
StAnWorks_install_oint: 0:13:10.353117
StAnWorks_install_cppc: 0:00:22.760473
StAnWorks_install_cc: 0:04:03.092888
StAnWorks_install_cq: 0:01:22.002279
