ListWorksALL: 0:02:07.715018
StAnWorks_install_pvs: 0:00:30.530866
StAnWorks_install_oint: 0:11:53.489174
StAnWorks_install_cppc: 0:04:02.269180
StAnWorks_install_cc: 0:03:14.967980
