ListWorksALL: 0:01:17.755435
StAnWorks_install_pvs: 0:00:09.906247
StAnWorks_install_oint: 0:15:43.170640
StAnWorks_install_cppc: 0:00:22.017610
StAnWorks_install_cc: 0:05:00.120530
