ListWorksALL: 0:02:05.729729
StAnWorks_install_pvs: 0:00:12.286375
StAnWorks_install_oint: 0:11:08.767202
StAnWorks_install_cppc: 0:04:13.669730
StAnWorks_install_cc: 0:03:14.342313
StAnWorks_install_cq: 0:00:18.157938
StAnWorks_works_pvs_on_newtest3: 0:00:00.000013
