ListWorksALL: 0:01:59.574929
StAnWorks_install_pvs: 0:00:15.057156
StAnWorks_install_oint: 0:13:15.169489
StAnWorks_install_cppc: 0:04:50.132480
StAnWorks_install_cc: 0:03:13.831957
StAnWorks_install_cq: 0:00:19.341859
StAnWorks_works_pvs_on_newtest3: 0:00:00.000016
StAnWorks_works_oint_on_newtest3: 0:00:00.000016
StAnWorks_works_cc_on_newtest3: 0:00:00.000015
