ListWorksALL: 0:00:51.701427
StAnWorks_install_pvs: 0:00:08.217317
StAnWorks_install_oint: 0:12:59.464421
StAnWorks_install_cppc: 0:04:27.634902
StAnWorks_install_cc: 0:04:06.383878
