ListWorksALL: 0:02:15.479745
StAnWorks_install_pvs: 0:00:13.945670
StAnWorks_install_oint: 0:11:35.412434
StAnWorks_install_cppc: 0:05:09.772434
StAnWorks_install_cc: 0:02:54.990791
StAnWorks_install_cq: 0:00:20.595176
StAnWorks_works_pvs_on_280221oft: 0:00:00.000013
StAnWorks_works_oint_on_280221oft: 0:02:26.591321
