ListWorksALL: 0:02:06.670398
StAnWorks_install_pvs: 0:00:12.131037
StAnWorks_install_oint: 0:10:33.248200
StAnWorks_install_cppc: 0:03:36.784621
StAnWorks_install_cc: 0:03:00.190590
StAnWorks_install_cq: 0:00:17.385977
StAnWorks_works_pvs_on_290321oft3: 0:00:00.000020
StAnWorks_works_oint_on_290321oft3: 0:02:22.309741
StAnWorks_works_cc_on_290321oft3: 0:00:00.000011
