ListWorksALL: 0:01:36.340231
StAnWorks_install_pvs: 0:00:11.641767
StAnWorks_install_oint: 0:11:39.948942
StAnWorks_install_cppc: 0:04:08.023083
StAnWorks_install_cc: 0:02:56.728632
StAnWorks_install_cq: 0:00:24.056334
