ListWorksALL: 0:00:04.253861
StAnWorks_install_pvs: 0:00:07.466034
StAnWorks_install_oint: 0:10:42.263132
StAnWorks_install_cppc: 0:03:51.767579
StAnWorks_install_cc: 0:03:18.598520
StAnWorks_install_cq: 0:00:25.286173
StAnWorks_works_pvs_on_m240622p15: 4:00:31.699319
