ListWorksALL: 0:02:07.715018
StAnWorks_install_pvs: 0:00:30.530866
StAnWorks_install_oint: 0:11:53.489174
StAnWorks_install_cppc: 0:04:02.269180
StAnWorks_install_cc: 0:03:14.967980
StAnWorks_install_cq: 0:00:16.052829
StAnWorks_works_pvs_on_210321oft3: 0:00:00.000014
StAnWorks_works_oint_on_210321oft3: 0:00:00.000018
StAnWorks_works_cc_on_210321oft3: 0:00:00.000013
StAnWorks_works_cppc_on_210321oft3: 4:02:16.741190
StAnWorks_works_cq_on_210321oft3: 0:24:11.145564
