ListWorksALL: 0:02:00.333536
StAnWorks_install_pvs: 0:00:12.278062
StAnWorks_install_oint: 0:09:33.763575
StAnWorks_install_cppc: 0:03:35.921966
StAnWorks_install_cc: 0:02:27.271226
StAnWorks_install_cq: 0:00:17.627849
StAnWorks_works_pvs_on_150321oft2: 0:00:00.000012
StAnWorks_works_oint_on_150321oft2: 0:52:02.358492
StAnWorks_works_cc_on_150321oft2: 0:00:00.000012
