ListWorksALL: 0:02:03.384354
StAnWorks_install_pvs: 0:00:10.241038
StAnWorks_install_oint: 0:12:54.375431
StAnWorks_install_cppc: 0:04:18.384136
StAnWorks_install_cc: 0:03:37.007677
StAnWorks_install_cq: 0:00:18.992255
StAnWorks_works_pvs_on_100421oft4: 0:03:02.874607
StAnWorks_works_oint_on_100421oft4: 0:02:26.114913
StAnWorks_works_cc_on_100421oft4: 0:00:00.000021
StAnWorks_works_cppc_on_100421oft4: 0:32:04.773498
StAnWorks_works_cq_on_100421oft4: 0:29:48.672309
