ListWorksALL: 0:00:44.452724
StAnWorks_install_pvs: 0:00:10.144182
StAnWorks_install_oint: 0:12:18.548147
StAnWorks_install_cppc: 0:00:17.069210
StAnWorks_install_cc: 0:03:45.675303
StAnWorks_install_cq: 0:00:59.676055
StAnWorks_works_pvs_on_m060822p2: 0:00:00.000011
StAnWorks_install_pvs: 0:00:49.139848
StAnWorks_install_cq: 0:01:40.170300
StAnWorks_works_pvs_on_m060822p2: 0:00:00.000018
StAnWorks_works_cq_on_m060822p2: 4:01:06.943799
