ListWorksALL: 0:02:09.426806
StAnWorks_install_pvs: 0:00:11.808316
StAnWorks_install_oint: 0:11:46.408103
StAnWorks_install_cppc: 0:04:14.669440
StAnWorks_install_cc: 0:03:14.191255
StAnWorks_install_cq: 0:00:20.523793
StAnWorks_works_pvs_on_060321oft2: 0:02:14.009567
StAnWorks_works_oint_on_060321oft2: 0:02:13.984308
