ListWorksALL: 0:02:09.350967
StAnWorks_install_pvs: 0:00:11.274073
StAnWorks_install_oint: 0:11:00.206385
StAnWorks_install_cppc: 0:03:23.167284
StAnWorks_install_cc: 0:02:42.481666
