ListWorksALL: 0:00:50.188780
StAnWorks_install_pvs: 0:00:08.489283
StAnWorks_install_oint: 0:10:13.044515
StAnWorks_install_cppc: 0:00:17.356521
StAnWorks_install_cc: 0:03:16.067301
StAnWorks_install_cq: 0:00:34.110387
