ListWorksALL: 0:01:56.212388
StAnWorks_install_pvs: 0:00:27.224993
StAnWorks_install_oint: 0:09:36.512526
StAnWorks_install_cppc: 0:03:38.358160
StAnWorks_install_cc: 0:03:21.109151
StAnWorks_install_cq: 0:00:18.957634
StAnWorks_works_pvs_on_280221oft: 0:00:00.000031
StAnWorks_works_oint_on_280221oft: 1:35:05.307560
StAnWorks_works_cc_on_280221oft: 4:02:07.608234
