ListWorksALL: 0:01:48.395097
StAnWorks_install_pvs: 0:00:10.750036
StAnWorks_install_oint: 0:12:32.423117
StAnWorks_install_cppc: 0:04:23.690367
StAnWorks_install_cc: 0:02:56.569062
StAnWorks_install_cq: 0:00:21.221660
StAnWorks_works_pvs_on_210321oft3: 0:00:00.000014
StAnWorks_works_oint_on_210321oft3: 0:00:00.000013
StAnWorks_works_cc_on_210321oft3: 0:00:00.000013
