ListWorksALL: 0:00:27.296463
StAnWorks_install_pvs: 0:00:09.276600
StAnWorks_install_oint: 0:10:44.726620
StAnWorks_install_cppc: 0:00:17.016417
StAnWorks_install_cc: 0:03:29.698497
