ListWorksALL: 0:01:54.430004
StAnWorks_install_pvs: 0:00:12.816922
StAnWorks_install_oint: 0:11:58.664729
StAnWorks_install_cppc: 0:04:11.900368
StAnWorks_install_cc: 0:02:51.754295
StAnWorks_install_cq: 0:00:17.209737
