ListWorksALL: 0:02:12.872078
StAnWorks_install_pvs: 0:00:14.718935
StAnWorks_install_oint: 0:13:03.216589
StAnWorks_install_cppc: 0:04:28.771814
StAnWorks_install_cc: 0:03:04.652372
StAnWorks_install_cq: 0:00:20.149446
StAnWorks_works_pvs_on_test4_1: 0:00:00.000013
StAnWorks_works_oint_on_test4_1: 0:00:00.000013
StAnWorks_works_cc_on_test4_1: 4:02:22.221268
