ListWorksALL: 0:01:57.405769
StAnWorks_install_pvs: 0:00:12.896512
StAnWorks_install_oint: 0:11:07.088396
StAnWorks_install_cppc: 0:04:09.308683
StAnWorks_install_cc: 0:02:43.965427
