ListWorksALL: 0:02:07.214135
StAnWorks_install_pvs: 0:00:11.093408
StAnWorks_install_oint: 0:12:36.920781
StAnWorks_install_cppc: 0:04:13.988649
StAnWorks_install_cc: 0:03:21.562389
StAnWorks_install_cq: 0:00:18.954307
StAnWorks_works_pvs_on_150321oft2: 0:00:00.000013
StAnWorks_works_oint_on_150321oft2: 1:00:57.123944
StAnWorks_works_cc_on_150321oft2: 0:00:00.000029
StAnWorks_works_cppc_on_150321oft2: 0:00:00.000012
StAnWorks_works_cq_on_150321oft2: 2:41:52.322348
StAnWorks_works_pvs_on_290321oft3: 0:02:19.513778
