ListWorksALL: 0:00:27.296463
StAnWorks_install_pvs: 0:00:09.276600
StAnWorks_install_oint: 0:10:44.726620
StAnWorks_install_cppc: 0:00:17.016417
StAnWorks_install_cc: 0:03:29.698497
StAnWorks_install_cq: 0:00:30.439199
StAnWorks_works_pvs_on_m120822p3: 0:00:00.000014
StAnWorks_install_pvs: 0:00:43.741766
StAnWorks_install_cq: 0:01:00.110329
