ListWorksALL: 0:00:52.967817
StAnWorks_install_pvs: 0:00:08.831739
StAnWorks_install_oint: 0:10:52.722282
StAnWorks_install_cppc: 0:00:16.597164
StAnWorks_install_cc: 0:03:43.564999
