ListWorksALL: 0:00:07.497048
StAnWorks_install_pvs: 0:00:07.815759
StAnWorks_install_oint: 0:11:10.282082
StAnWorks_install_cppc: 0:03:31.131132
StAnWorks_install_cc: 0:03:06.515995
StAnWorks_install_cq: 0:01:01.416159
