ListWorksALL: 0:01:13.794722
StAnWorks_install_pvs: 0:00:10.491739
StAnWorks_install_oint: 0:15:31.789585
StAnWorks_install_cppc: 0:00:22.073787
StAnWorks_install_cc: 0:04:41.905479
StAnWorks_install_cq: 0:00:35.873930
StAnWorks_install_pvs: 0:00:21.578153
StAnWorks_install_cq: 0:00:30.663571
StAnWorks_install_pvs: 0:00:20.598899
StAnWorks_install_cq: 0:00:57.620332
StAnWorks_install_pvs: 0:00:33.834418
StAnWorks_install_cq: 0:00:30.695525
StAnWorks_works_pvs_on_newDesc230722p1: 0:06:19.748696
