ListWorksALL: 0:01:59.733629
StAnWorks_install_pvs: 0:00:10.111805
StAnWorks_install_oint: 0:10:04.495846
StAnWorks_install_cppc: 0:03:38.996939
StAnWorks_install_cc: 0:02:50.985523
StAnWorks_install_cq: 0:00:18.778893
StAnWorks_works_pvs_on_290321oft3: 0:00:00.000012
