ListWorksALL: 0:00:29.131439
StAnWorks_install_pvs: 0:00:15.013894
StAnWorks_install_oint: 0:08:47.426477
StAnWorks_install_cppc: 0:03:42.125388
StAnWorks_install_cc: 0:03:11.013909
StAnWorks_works_pvs_on_test1: 0:00:00.000045
