ListWorksALL: 0:02:02.376032
StAnWorks_install_pvs: 0:00:09.754758
StAnWorks_install_oint: 0:09:20.272603
StAnWorks_install_cppc: 0:03:28.014047
StAnWorks_install_cc: 0:02:21.414414
StAnWorks_install_cq: 0:00:17.676189
