ListWorksALL: 0:02:23.143594
StAnWorks_install_pvs: 0:00:11.653826
StAnWorks_install_oint: 0:13:12.048742
StAnWorks_install_cppc: 0:04:47.558856
StAnWorks_install_cc: 0:03:34.296789
