ListWorksALL: 0:00:55.969108
StAnWorks_install_pvs: 0:00:32.381009
StAnWorks_install_oint: 0:10:14.541752
StAnWorks_install_cppc: 0:00:17.733891
StAnWorks_install_cc: 0:03:24.776742
