ListWorksALL: 0:02:22.082857
StAnWorks_install_pvs: 0:00:23.139113
StAnWorks_install_oint: 0:14:47.510955
StAnWorks_install_cppc: 0:04:49.829088
StAnWorks_install_cc: 0:04:00.055980
StAnWorks_install_cq: 0:00:22.116981
StAnWorks_works_pvs_on_290321oft3: 0:00:00.000013
