ListWorksALL: 0:02:13.447740
StAnWorks_install_pvs: 0:00:22.934350
StAnWorks_install_oint: 0:11:27.831179
StAnWorks_install_cppc: 0:04:15.118167
StAnWorks_install_cc: 0:02:58.898154
StAnWorks_install_cq: 0:00:20.880139
