ListWorksALL: 0:02:25.818616
StAnWorks_install_pvs: 0:00:13.045874
StAnWorks_install_oint: 0:13:32.025334
StAnWorks_install_cppc: 0:04:35.865662
StAnWorks_install_cc: 0:03:38.706801
StAnWorks_install_cq: 0:00:20.389095
StAnWorks_works_pvs_on_210321oft3: 0:00:00.000014
