ListWorksALL: 0:02:07.909152
StAnWorks_install_pvs: 0:00:12.898176
StAnWorks_install_oint: 0:13:18.914394
StAnWorks_install_cppc: 0:04:36.817947
StAnWorks_install_cc: 0:03:49.248467
