ListWorksALL: 0:02:02.003522
StAnWorks_install_pvs: 0:00:10.837387
StAnWorks_install_oint: 0:12:16.190619
StAnWorks_install_cppc: 0:04:09.092881
StAnWorks_install_cc: 0:03:00.702847
StAnWorks_install_cq: 0:00:18.939469
