ListWorksALL: 0:00:26.863985
StAnWorks_install_pvs: 0:00:10.520091
StAnWorks_install_oint: 0:12:47.036059
StAnWorks_install_cppc: 0:00:20.975822
StAnWorks_install_cc: 0:04:50.854452
StAnWorks_install_cq: 0:01:06.118893
