ListWorksALL: 0:01:53.715164
StAnWorks_install_pvs: 0:00:11.594601
StAnWorks_install_oint: 0:10:35.705362
StAnWorks_install_cppc: 0:03:58.748852
StAnWorks_install_cc: 0:02:31.960732
StAnWorks_install_cq: 0:00:18.300341
StAnWorks_works_pvs_on_newtest3: 0:00:00.000012
StAnWorks_works_oint_on_newtest3: 0:00:00.000010
StAnWorks_works_cc_on_newtest3: 4:02:13.867886
