ListWorksALL: 0:02:00.250272
StAnWorks_install_pvs: 0:00:10.847865
StAnWorks_install_oint: 0:11:33.030487
StAnWorks_install_cppc: 0:03:48.028012
StAnWorks_install_cc: 0:03:00.052479
StAnWorks_install_cq: 0:00:14.938253
StAnWorks_works_pvs_on_290321oft3: 0:00:00.000012
StAnWorks_works_oint_on_290321oft3: 0:02:05.615806
StAnWorks_works_cc_on_290321oft3: 0:00:00.000016
StAnWorks_works_cppc_on_290321oft3: 0:00:00.000029
