ListWorksALL: 0:01:22.845221
StAnWorks_install_pvs: 0:00:20.513038
StAnWorks_install_oint: 0:09:37.521451
StAnWorks_install_cppc: 0:03:43.763553
StAnWorks_install_cc: 0:03:24.014775
