ListWorksALL: 0:01:45.910422
StAnWorks_install_pvs: 0:00:17.722435
StAnWorks_install_oint: 0:12:05.384954
StAnWorks_install_cppc: 0:04:11.328446
StAnWorks_install_cc: 0:02:48.455540
StAnWorks_install_cq: 0:00:18.573126
StAnWorks_works_pvs_on_210321oft3: 0:00:00.000013
