ListWorksALL: 0:00:38.733708
StAnWorks_install_pvs: 0:00:07.830332
StAnWorks_install_oint: 0:09:59.361165
StAnWorks_install_cppc: 0:03:33.950305
StAnWorks_install_cc: 0:03:13.032081
StAnWorks_install_cq: 0:00:30.538018
StAnWorks_works_pvs_on_m060822p2: 0:00:00.000010
StAnWorks_works_cq_on_m060822p2: 0:00:00.000010
StAnWorks_works_oint_on_m060822p2: 0:41:09.470676
