ListWorksALL: 0:01:05.718540
StAnWorks_install_pvs: 0:00:12.866512
StAnWorks_install_oint: 0:15:11.452961
StAnWorks_install_cppc: 0:00:20.814153
StAnWorks_install_cc: 0:04:49.152930
