ListWorksALL: 0:00:36.705172
StAnWorks_install_pvs: 0:00:07.936201
StAnWorks_install_oint: 0:10:31.732175
StAnWorks_install_cppc: 0:00:17.086377
StAnWorks_install_cc: 0:03:30.820825
