ListWorksALL: 0:02:17.753208
StAnWorks_install_pvs: 0:00:09.656979
StAnWorks_install_oint: 0:12:16.643857
StAnWorks_install_cppc: 0:04:28.047020
StAnWorks_install_cc: 0:03:19.037706
StAnWorks_install_cq: 0:00:18.199276
StAnWorks_works_pvs_on_test6: 0:00:00.000020
StAnWorks_works_oint_on_test6: 0:00:00.000021
StAnWorks_works_cc_on_test6: 0:00:00.000016
