ListWorksALL: 0:00:23.609376
StAnWorks_install_pvs: 0:00:19.155168
StAnWorks_install_oint: 0:09:36.961537
StAnWorks_install_cppc: 0:04:02.107762
StAnWorks_install_cc: 0:03:45.280917
StAnWorks_works_pvs_on_test4: 0:00:00.000041
