ListWorksALL: 0:00:41.361089
StAnWorks_install_pvs: 0:00:08.623474
StAnWorks_install_oint: 0:10:57.252779
StAnWorks_install_cppc: 0:04:07.135353
StAnWorks_install_cc: 0:03:50.332206
StAnWorks_install_cq: 0:00:29.415532
StAnWorks_works_pvs_on_m060822p2: 0:00:00.000013
StAnWorks_works_cq_on_m060822p2: 0:00:00.000013
StAnWorks_install_pvs: 0:00:48.842186
StAnWorks_install_cq: 0:00:35.684296
StAnWorks_install_pvs: 0:00:39.804079
StAnWorks_install_cq: 0:00:30.534896
