ListWorksALL: 0:00:36.015054
StAnWorks_install_pvs: 0:00:12.324195
StAnWorks_install_oint: 0:08:52.481472
StAnWorks_install_cppc: 0:00:16.935238
StAnWorks_install_cc: 0:03:29.167915
StAnWorks_install_cq: 0:00:31.997223
StAnWorks_works_pvs_on_m120822p3: 0:00:00.000013
StAnWorks_works_cq_on_m120822p3: 0:00:00.000011
