ListWorksALL: 0:00:07.390340
StAnWorks_install_pvs: 0:00:07.488844
StAnWorks_install_oint: 0:10:45.781640
StAnWorks_install_cppc: 0:03:56.936844
StAnWorks_install_cc: 0:03:25.183615
