ListWorksALL: 0:01:57.253054
StAnWorks_install_pvs: 0:00:21.657470
StAnWorks_install_oint: 0:11:41.578172
StAnWorks_install_cppc: 0:03:49.945638
StAnWorks_install_cc: 0:02:58.897824
