ListWorksALL: 0:02:05.729729
StAnWorks_install_pvs: 0:00:12.286375
StAnWorks_install_oint: 0:11:08.767202
StAnWorks_install_cppc: 0:04:13.669730
StAnWorks_install_cc: 0:03:14.342313
StAnWorks_install_cq: 0:00:18.157938
StAnWorks_works_pvs_on_newtest3: 0:00:00.000013
StAnWorks_works_oint_on_newtest3: 0:00:00.000018
StAnWorks_works_cc_on_newtest3: 0:00:00.000011
StAnWorks_works_cppc_on_newtest3: 0:00:00.000012
StAnWorks_works_cq_on_newtest3: 0:00:00.000019
StAnWorks_works_pvs_on_test2: 0:00:00.000012
StAnWorks_works_oint_on_test2: 0:00:00.000011
StAnWorks_works_cc_on_test2: 0:00:00.000012
StAnWorks_works_cppc_on_test2: 0:00:00.000012
StAnWorks_works_cq_on_test2: 0:00:00.000011
StAnWorks_works_pvs_on_290321oft3: 0:00:00.000013
StAnWorks_works_oint_on_290321oft3: 0:02:56.853267
StAnWorks_works_cc_on_290321oft3: 0:00:00.000013
StAnWorks_works_cppc_on_290321oft3: 0:00:00.000012
StAnWorks_works_cq_on_290321oft3: 0:00:00.000011
StAnWorks_works_pvs_on_test5: 0:00:00.000013
StAnWorks_works_oint_on_test5: 0:02:47.424846
StAnWorks_works_cc_on_test5: 0:00:00.000019
StAnWorks_works_cppc_on_test5: 0:00:00.000017
StAnWorks_works_cq_on_test5: 0:00:00.000018
StAnWorks_works_pvs_on_test3: 0:00:00.000019
StAnWorks_works_oint_on_test3: 0:00:00.000016
StAnWorks_works_cc_on_test3: 0:00:00.000011
StAnWorks_works_cppc_on_test3: 0:00:00.000012
StAnWorks_works_cq_on_test3: 0:00:00.000014
StAnWorks_works_pvs_on_060321oft2: 0:00:00.000013
StAnWorks_works_oint_on_060321oft2: 0:00:00.000013
StAnWorks_works_cc_on_060321oft2: 0:00:00.000011
StAnWorks_works_cppc_on_060321oft2: 0:14:42.966507
StAnWorks_works_cq_on_060321oft2: 0:00:00.000019
StAnWorks_works_pvs_on_150321oft2: 0:00:00.000029
StAnWorks_works_oint_on_150321oft2: 0:59:44.047705
StAnWorks_works_cc_on_150321oft2: 0:00:00.000015
StAnWorks_works_cppc_on_150321oft2: 0:00:00.000045
StAnWorks_works_cq_on_150321oft2: 0:00:00.000018
StAnWorks_works_pvs_on_smalltmp: 0:00:00.000013
StAnWorks_works_oint_on_smalltmp: 0:00:00.000012
StAnWorks_works_cc_on_smalltmp: 0:00:00.000011
StAnWorks_works_cppc_on_smalltmp: 0:00:00.000019
StAnWorks_works_cq_on_smalltmp: 0:00:00.000012
StAnWorks_works_pvs_on_test4: 0:00:00.000012
StAnWorks_works_oint_on_test4: 0:10:12.472084
StAnWorks_works_cc_on_test4: 0:00:00.000012
StAnWorks_works_cppc_on_test4: 0:00:00.000013
StAnWorks_works_cq_on_test4: 0:00:00.000011
StAnWorks_works_pvs_on_210321oft3: 0:00:00.000012
StAnWorks_works_oint_on_210321oft3: 0:00:00.000018
StAnWorks_works_cc_on_210321oft3: 0:00:00.000012
StAnWorks_works_cppc_on_210321oft3: 0:00:00.000018
StAnWorks_works_cq_on_210321oft3: 0:00:00.000011
