ListWorksALL: 0:00:27.861121
StAnWorks_install_pvs: 0:00:07.630245
StAnWorks_install_oint: 0:10:30.419563
StAnWorks_install_cppc: 0:03:45.080851
StAnWorks_install_cc: 0:03:36.835104
StAnWorks_install_cq: 0:00:29.362665
StAnWorks_works_pvs_on_m060822p2: 0:00:00.000013
StAnWorks_install_pvs: 0:00:25.071196
StAnWorks_install_cq: 0:01:38.367493
