ListWorksALL: 0:02:14.836004
StAnWorks_install_pvs: 0:00:25.107798
StAnWorks_install_oint: 0:12:01.250141
StAnWorks_install_cppc: 0:04:32.915015
StAnWorks_install_cc: 0:03:13.307371
