ListWorksALL: 0:02:22.771293
StAnWorks_install_pvs: 0:00:12.385955
StAnWorks_install_oint: 0:12:38.863561
StAnWorks_install_cppc: 0:04:33.606610
StAnWorks_install_cc: 0:03:33.315402
StAnWorks_install_cq: 0:00:23.333453
