ListWorksALL: 0:00:18.157845
StAnWorks_install_pvs: 0:00:09.393339
StAnWorks_install_oint: 0:08:33.446259
StAnWorks_install_cppc: 0:03:22.185405
StAnWorks_install_cc: 0:02:36.164268
StAnWorks_works_pvs_on_smalltmp: 0:00:00.000016
StAnWorks_works_oint_on_smalltmp: 0:00:00.000020
StAnWorks_works_cc_on_smalltmp: 0:09:44.203855
