ListWorksALL: 0:00:41.787037
StAnWorks_install_pvs: 0:00:15.058591
StAnWorks_install_oint: 0:08:40.745997
StAnWorks_install_cppc: 0:03:32.507223
StAnWorks_install_cc: 0:03:20.751540
