ListWorksALL: 0:00:41.361089
StAnWorks_install_pvs: 0:00:08.623474
StAnWorks_install_oint: 0:10:57.252779
StAnWorks_install_cppc: 0:04:07.135353
StAnWorks_install_cc: 0:03:50.332206
StAnWorks_install_cq: 0:00:29.415532
