ListWorksALL: 0:01:05.718540
StAnWorks_install_pvs: 0:00:12.866512
StAnWorks_install_oint: 0:15:11.452961
StAnWorks_install_cppc: 0:00:20.814153
StAnWorks_install_cc: 0:04:49.152930
StAnWorks_install_cq: 0:00:57.302848
StAnWorks_works_pvs_on_m120822p3: 0:00:00.000018
StAnWorks_works_cq_on_m120822p3: 0:00:00.000015
