ListWorksALL: 0:00:17.769524
StAnWorks_install_pvs: 0:00:12.490432
StAnWorks_install_oint: 0:10:43.942680
StAnWorks_install_cppc: 0:04:12.746798
StAnWorks_install_cc: 0:03:46.967223
StAnWorks_works_pvs_on_test6: 0:00:00.000023
StAnWorks_works_oint_on_test6: 0:00:00.000025
