ListWorksALL: 0:02:11.207821
StAnWorks_install_pvs: 0:00:13.194918
StAnWorks_install_oint: 0:12:16.228062
StAnWorks_install_cppc: 0:04:14.401315
StAnWorks_install_cc: 0:02:57.102038
StAnWorks_install_cq: 0:00:20.166947
