ListWorksALL: 0:01:01.395335
StAnWorks_install_pvs: 0:00:07.905781
StAnWorks_install_oint: 0:10:26.274465
StAnWorks_install_cppc: 0:00:17.997038
StAnWorks_install_cc: 0:03:21.867948
