ListWorksALL: 0:02:25.168110
StAnWorks_install_pvs: 0:00:12.274919
StAnWorks_install_oint: 0:13:04.026484
StAnWorks_install_cppc: 0:04:36.195457
StAnWorks_install_cc: 0:03:34.582894
StAnWorks_install_cq: 0:00:24.495595
