ListWorksALL: 0:00:32.264949
StAnWorks_install_pvs: 0:00:07.970261
StAnWorks_install_oint: 0:12:37.583610
StAnWorks_install_cppc: 0:04:11.885705
StAnWorks_install_cc: 0:04:00.098338
StAnWorks_install_cq: 0:00:31.830810
StAnWorks_works_pvs_on_m060822p2: 0:00:00.000015
StAnWorks_works_cq_on_m060822p2: 0:00:00.000014
StAnWorks_works_oint_on_m060822p2: 0:40:33.491806
