ListWorksALL: 0:00:09.660863
StAnWorks_install_pvs: 0:00:08.063434
StAnWorks_install_oint: 0:11:20.570449
StAnWorks_install_cppc: 0:04:05.170087
StAnWorks_install_cc: 0:03:48.612641
