ListWorksALL: 0:01:28.098508
StAnWorks_install_pvs: 0:00:11.595730
StAnWorks_install_oint: 0:11:15.181273
StAnWorks_install_cppc: 0:03:51.920420
StAnWorks_install_cc: 0:02:37.965154
