ListWorksALL: 0:00:29.585412
StAnWorks_install_pvs: 0:00:08.969054
StAnWorks_install_oint: 0:11:51.100885
StAnWorks_install_cppc: 0:04:05.832257
StAnWorks_install_cc: 0:03:43.562710
StAnWorks_install_cq: 0:01:23.943067
StAnWorks_install_pvs: 0:00:19.282004
StAnWorks_install_cq: 0:00:29.932681
