ListWorksALL: 0:00:40.275577
StAnWorks_install_pvs: 0:00:07.271877
StAnWorks_install_oint: 0:10:05.760010
StAnWorks_install_cppc: 0:00:17.993446
StAnWorks_install_cc: 0:03:14.873914
