ListWorksALL: 0:01:58.567082
StAnWorks_install_pvs: 0:00:12.078956
StAnWorks_install_oint: 0:12:17.116209
StAnWorks_install_cppc: 0:04:11.726248
StAnWorks_install_cc: 0:03:25.186224
StAnWorks_install_cq: 0:00:18.718143
