ListWorksALL: 0:01:46.046608
StAnWorks_install_pvs: 0:00:10.890337
StAnWorks_install_oint: 0:09:37.183972
StAnWorks_install_cppc: 0:03:33.935372
StAnWorks_install_cc: 0:02:26.412179
StAnWorks_install_cq: 0:00:16.743549
StAnWorks_works_pvs_on_290321oft3: 0:00:00.000035
StAnWorks_works_oint_on_290321oft3: 0:02:20.249679
StAnWorks_works_cc_on_290321oft3: 0:00:00.000010
