ListWorksALL: 0:00:59.827963
StAnWorks_install_pvs: 0:00:07.726415
StAnWorks_install_oint: 0:08:52.286250
StAnWorks_install_cppc: 0:00:17.052937
StAnWorks_install_cc: 0:03:28.683705
