ListWorksALL: 0:02:13.012511
StAnWorks_install_pvs: 0:00:32.016686
StAnWorks_install_oint: 0:14:10.126997
StAnWorks_install_cppc: 0:04:52.586707
StAnWorks_install_cc: 0:04:01.558250
