ListWorksALL: 0:00:35.090192
StAnWorks_install_pvs: 0:00:11.634378
StAnWorks_install_oint: 0:08:19.135449
StAnWorks_install_cppc: 0:03:17.025369
StAnWorks_install_cc: 0:02:50.535338
StAnWorks_works_pvs_on_test3: 1:30:43.185771
StAnWorks_works_oint_on_test3: 0:50:41.700655
