ListWorksALL: 0:01:02.384014
StAnWorks_install_pvs: 0:00:08.472196
StAnWorks_install_oint: 0:08:25.858947
StAnWorks_install_cppc: 0:00:18.595249
StAnWorks_install_cc: 0:03:13.020700
StAnWorks_install_cq: 0:00:34.335056
