ListWorksALL: 0:01:34.674835
StAnWorks_install_pvs: 0:00:15.153576
StAnWorks_install_oint: 0:09:07.736564
StAnWorks_install_cppc: 0:03:51.010302
StAnWorks_install_cc: 0:03:17.357649
StAnWorks_install_cq: 0:00:19.027395
StAnWorks_works_pvs_on_test4: 0:00:00.000030
StAnWorks_works_oint_on_test4: 0:09:00.147278
