ListWorksALL: 0:02:04.315426
StAnWorks_install_pvs: 0:00:09.980606
StAnWorks_install_oint: 0:12:17.071580
StAnWorks_install_cppc: 0:04:11.952106
StAnWorks_install_cc: 0:03:17.612390
StAnWorks_install_cq: 0:00:16.690091
StAnWorks_works_pvs_on_newtest3: 0:00:00.000015
StAnWorks_works_oint_on_newtest3: 0:00:00.000014
