ListWorksALL: 0:01:30.078284
StAnWorks_install_pvs: 0:00:14.778441
StAnWorks_install_oint: 0:10:28.835989
StAnWorks_install_cppc: 0:04:10.646336
StAnWorks_install_cc: 0:03:43.216144
StAnWorks_install_cq: 0:00:21.742319
StAnWorks_works_pvs_on_test4_1: 0:00:00.000030
StAnWorks_works_oint_on_test4_1: 0:00:00.000024
StAnWorks_works_cc_on_test4_1: 4:01:47.651748
