ListWorksALL: 0:00:30.498503
StAnWorks_install_pvs: 0:00:08.634100
StAnWorks_install_oint: 0:09:29.078266
StAnWorks_install_cppc: 0:00:17.892674
StAnWorks_install_cc: 0:03:36.723466
