ListWorksALL: 0:01:31.522251
StAnWorks_install_pvs: 0:00:15.088209
StAnWorks_install_oint: 0:08:24.836806
StAnWorks_install_cppc: 0:03:23.689272
StAnWorks_install_cc: 0:02:59.693728
