ListWorksALL: 0:02:11.277013
StAnWorks_install_pvs: 0:00:09.226722
StAnWorks_install_oint: 0:11:45.451226
StAnWorks_install_cppc: 0:04:15.575607
StAnWorks_install_cc: 0:03:12.967323
StAnWorks_install_cq: 0:00:17.191377
StAnWorks_works_pvs_on_100421oft4: 0:03:07.768930
StAnWorks_works_oint_on_100421oft4: 0:02:32.713791
StAnWorks_works_cc_on_100421oft4: 0:00:00.000014
StAnWorks_works_cppc_on_100421oft4: 0:29:11.518624
StAnWorks_works_cq_on_100421oft4: 0:31:47.780532
StAnWorks_works_pvs_on_150321oft2: 0:06:46.559182
StAnWorks_works_oint_on_150321oft2: 1:01:01.126892
