ListWorksALL: 0:00:27.951125
StAnWorks_install_pvs: 0:00:07.487666
StAnWorks_install_oint: 0:08:28.292161
StAnWorks_install_cppc: 0:00:19.137278
StAnWorks_install_cc: 0:03:15.389972
StAnWorks_install_cq: 0:00:33.742203
