ListWorksALL: 0:02:11.500013
StAnWorks_install_pvs: 0:00:11.520425
StAnWorks_install_oint: 0:11:34.347279
StAnWorks_install_cppc: 0:04:06.364425
StAnWorks_install_cc: 0:03:12.941714
