ListWorksALL: 0:02:11.277013
StAnWorks_install_pvs: 0:00:09.226722
StAnWorks_install_oint: 0:11:45.451226
StAnWorks_install_cppc: 0:04:15.575607
StAnWorks_install_cc: 0:03:12.967323
StAnWorks_install_cq: 0:00:17.191377
StAnWorks_works_pvs_on_100421oft4: 0:03:07.768930
StAnWorks_works_oint_on_100421oft4: 0:02:32.713791
