ListWorksALL: 0:02:14.289840
StAnWorks_install_pvs: 0:00:09.521550
StAnWorks_install_oint: 0:13:38.771428
StAnWorks_install_cppc: 0:04:35.692018
StAnWorks_install_cc: 0:03:33.272099
