ListWorksALL: 0:01:49.894064
StAnWorks_install_pvs: 0:00:15.619572
StAnWorks_install_oint: 0:12:35.506869
StAnWorks_install_cppc: 0:04:32.426874
StAnWorks_install_cc: 0:03:05.774359
StAnWorks_install_cq: 0:00:21.329143
StAnWorks_works_pvs_on_280221oft: 0:00:00.000014
