ListWorksALL: 0:02:16.934021
StAnWorks_install_pvs: 0:00:16.479769
StAnWorks_install_oint: 0:12:23.250849
StAnWorks_install_cppc: 0:04:31.350563
StAnWorks_install_cc: 0:03:26.225291
StAnWorks_install_cq: 0:00:21.795282
