ListWorksALL: 0:02:10.742267
StAnWorks_install_pvs: 0:00:11.465716
StAnWorks_install_oint: 0:11:16.021322
StAnWorks_install_cppc: 0:04:05.871124
StAnWorks_install_cc: 0:00:45.856637
