ListWorksALL: 0:00:41.316990
StAnWorks_install_pvs: 0:00:08.340357
StAnWorks_install_oint: 0:10:32.042166
StAnWorks_install_cppc: 0:00:18.410935
StAnWorks_install_cc: 0:03:21.238386
