ListWorksALL: 0:00:23.779740
StAnWorks_install_pvs: 0:00:07.822016
StAnWorks_install_oint: 0:10:31.971680
StAnWorks_install_cppc: 0:03:53.608518
StAnWorks_install_cc: 0:03:33.756683
