ListWorksALL: 0:00:32.106142
StAnWorks_install_pvs: 0:00:07.984006
StAnWorks_install_oint: 0:10:09.395077
StAnWorks_install_cppc: 0:03:38.396429
StAnWorks_install_cc: 0:03:28.557813
StAnWorks_install_cq: 0:00:30.847530
