ListWorksALL: 0:00:04.613187
StAnWorks_install_pvs: 0:00:10.539805
StAnWorks_install_oint: 0:12:35.600810
StAnWorks_install_cppc: 0:00:21.608716
StAnWorks_install_cc: 0:04:44.323118
StAnWorks_install_cq: 0:00:59.133422
StAnWorks_works_pvs_on_m200822p4: 2:02:35.421301
StAnWorks_works_cq_on_m200822p4: 0:31:19.352571
