ListWorksALL: 0:00:49.495026
StAnWorks_install_pvs: 0:00:08.488074
StAnWorks_install_oint: 0:12:51.838999
StAnWorks_install_cppc: 0:00:20.088467
StAnWorks_install_cc: 0:04:01.411618
StAnWorks_install_cq: 0:00:33.007676
