ListWorksALL: 0:00:06.841500
StAnWorks_install_pvs: 0:00:09.517844
StAnWorks_install_oint: 0:13:01.442417
StAnWorks_install_cppc: 0:04:13.766608
StAnWorks_install_cc: 0:03:49.214700
