ListWorksALL: 0:00:18.684198
StAnWorks_install_pvs: 0:00:08.345752
StAnWorks_install_oint: 0:10:35.785461
StAnWorks_install_cppc: 0:03:45.999092
StAnWorks_install_cc: 0:03:20.800649
