ListWorksALL: 0:02:05.234630
StAnWorks_install_pvs: 0:00:09.740776
StAnWorks_install_oint: 0:12:44.078169
StAnWorks_install_cppc: 0:04:27.538342
StAnWorks_install_cc: 0:03:26.324838
StAnWorks_install_cq: 0:00:17.087845
StAnWorks_works_pvs_on_150321oft2: 0:00:00.000015
