ListWorksALL: 0:02:09.697471
StAnWorks_install_pvs: 0:00:11.128700
StAnWorks_install_oint: 0:11:04.038510
StAnWorks_install_cppc: 0:04:01.884637
StAnWorks_install_cc: 0:03:05.321146
