ListWorksALL: 0:00:53.846165
StAnWorks_install_pvs: 0:00:09.561900
StAnWorks_install_oint: 0:14:22.288169
StAnWorks_install_cppc: 0:00:19.196497
StAnWorks_install_cc: 0:04:40.243746
StAnWorks_install_cq: 0:01:05.390819
StAnWorks_works_pvs_on_m200822p4: 2:02:00.030638
StAnWorks_works_cq_on_m200822p4: 0:30:53.974264
StAnWorks_works_oint_on_m200822p4: 1:06:45.341222
StAnWorks_install_pvs: 0:00:22.265313
StAnWorks_install_cq: 0:00:35.846115
