ListWorksALL: 0:01:59.574929
StAnWorks_install_pvs: 0:00:15.057156
StAnWorks_install_oint: 0:13:15.169489
StAnWorks_install_cppc: 0:04:50.132480
StAnWorks_install_cc: 0:03:13.831957
