ListWorksALL: 0:01:57.310031
StAnWorks_install_pvs: 0:00:10.895831
StAnWorks_install_oint: 0:11:26.980509
StAnWorks_install_cppc: 0:03:54.488513
StAnWorks_install_cc: 0:03:12.971504
StAnWorks_install_cq: 0:00:17.998703
StAnWorks_works_pvs_on_newtest3: 0:00:00.000013
StAnWorks_works_oint_on_newtest3: 0:00:00.000018
StAnWorks_works_cc_on_newtest3: 0:00:00.000017
StAnWorks_works_cppc_on_newtest3: 4:02:10.072082
StAnWorks_works_cq_on_newtest3: 0:06:48.570785
