ListWorksALL: 0:01:53.520488
StAnWorks_install_pvs: 0:00:12.068267
StAnWorks_install_oint: 0:10:28.764433
StAnWorks_install_cppc: 0:03:34.804475
StAnWorks_install_cc: 0:02:36.827090
