ListWorksALL: 0:02:14.365459
StAnWorks_install_pvs: 0:00:10.849645
StAnWorks_install_oint: 0:11:21.278997
StAnWorks_install_cppc: 0:04:17.900864
StAnWorks_install_cc: 0:02:54.642760
StAnWorks_install_cq: 0:00:18.757025
