ListWorksALL: 0:02:14.699696
StAnWorks_install_pvs: 0:00:10.111559
StAnWorks_install_oint: 0:11:41.562876
StAnWorks_install_cppc: 0:04:21.526775
StAnWorks_install_cc: 0:03:17.923663
StAnWorks_install_cq: 0:00:18.299352
StAnWorks_works_pvs_on_150321oft2: 0:00:00.000013
StAnWorks_works_oint_on_150321oft2: 1:01:02.396202
StAnWorks_works_cc_on_150321oft2: 0:00:00.000012
StAnWorks_works_cppc_on_150321oft2: 0:00:00.000012
