ListWorksALL: 0:01:35.409245
StAnWorks_install_pvs: 0:00:11.116767
StAnWorks_install_oint: 0:09:41.033215
StAnWorks_install_cppc: 0:03:49.737441
StAnWorks_install_cc: 0:03:28.722810
StAnWorks_install_cq: 0:00:20.805507
