ListWorksALL: 0:02:05.581993
StAnWorks_install_pvs: 0:00:10.970600
StAnWorks_install_oint: 0:10:43.326985
StAnWorks_install_cppc: 0:03:48.477448
StAnWorks_install_cc: 0:02:56.793117
StAnWorks_install_cq: 0:00:17.713566
