ListWorksALL: 0:02:01.531143
StAnWorks_install_pvs: 0:00:14.339901
StAnWorks_install_oint: 0:12:21.323122
StAnWorks_install_cppc: 0:04:33.196727
StAnWorks_install_cc: 0:03:20.535244
StAnWorks_install_cq: 0:00:20.695794
StAnWorks_works_pvs_on_290321oft3: 0:00:00.000013
StAnWorks_works_oint_on_290321oft3: 0:02:43.513628
StAnWorks_works_cc_on_290321oft3: 0:00:00.000027
StAnWorks_works_cppc_on_290321oft3: 4:02:16.380808
