ListWorksALL: 0:01:30.359045
StAnWorks_install_pvs: 0:00:13.408209
StAnWorks_install_oint: 0:08:57.745741
StAnWorks_install_cppc: 0:03:27.860029
StAnWorks_install_cc: 0:03:21.653721
