ListWorksALL: 0:00:37.673824
StAnWorks_install_pvs: 0:00:07.940625
StAnWorks_install_oint: 0:11:01.883915
StAnWorks_install_cppc: 0:00:17.074146
StAnWorks_install_cc: 0:03:42.028910
StAnWorks_install_cq: 0:00:36.740871
StAnWorks_works_pvs_on_newDesc230722p1: 0:34:11.397294
StAnWorks_works_cq_on_newDesc230722p1: 1:33:30.590799
StAnWorks_works_oint_on_newDesc230722p1: 0:15:05.292278
StAnWorks_works_cc_on_newDesc230722p1: 0:37:46.010716
StAnWorks_works_cppc_on_newDesc230722p1: 0:03:36.514187
StAnWorks_install_pvs: 0:00:21.449771
StAnWorks_install_cq: 0:01:04.409585
StAnWorks_works_pvs_on_newDesc230722p1: 4:01:04.769033
