ListWorksALL: 0:02:07.472333
StAnWorks_install_pvs: 0:00:09.768355
StAnWorks_install_oint: 0:12:36.007045
StAnWorks_install_cppc: 0:04:19.088133
StAnWorks_install_cc: 0:03:24.474983
StAnWorks_install_cq: 0:00:17.742477
