ListWorksALL: 0:00:03.490241
StAnWorks_install_pvs: 0:00:07.561222
StAnWorks_install_oint: 0:10:14.261682
StAnWorks_install_cppc: 0:03:35.543098
StAnWorks_install_cc: 0:01:03.619779
StAnWorks_install_cq: 0:00:30.642271
StAnWorks_works_pvs_on_m180622p14: 0:00:00.000011
StAnWorks_works_cq_on_m180622p14: 3:29:58.078044
StAnWorks_works_oint_on_m180622p14: 1:08:03.056758
