ListWorksALL: 0:01:55.040610
StAnWorks_install_pvs: 0:00:08.876268
StAnWorks_install_oint: 0:09:51.354439
StAnWorks_install_cppc: 0:03:22.075729
StAnWorks_install_cc: 0:02:35.776322
StAnWorks_install_cq: 0:00:15.345733
