ListWorksALL: 0:02:05.388705
StAnWorks_install_pvs: 0:00:11.240250
StAnWorks_install_oint: 0:12:29.604691
StAnWorks_install_cppc: 0:04:24.596762
StAnWorks_install_cc: 0:03:01.817325
StAnWorks_install_cq: 0:00:19.874539
