ListWorksALL: 0:02:19.405750
StAnWorks_install_pvs: 0:00:15.195601
StAnWorks_install_oint: 0:11:11.427963
StAnWorks_install_cppc: 0:03:57.815147
StAnWorks_install_cc: 0:02:55.685255
