ListWorksALL: 0:00:25.727100
StAnWorks_install_pvs: 0:00:08.904234
StAnWorks_install_oint: 0:13:01.974464
StAnWorks_install_cppc: 0:04:33.221266
StAnWorks_install_cc: 0:04:27.694856
StAnWorks_install_cq: 0:00:56.690063
StAnWorks_install_pvs: 0:00:20.243752
StAnWorks_install_cq: 0:00:41.462603
StAnWorks_works_pvs_on_m200822p4: 3:50:35.129779
StAnWorks_install_pvs: 0:00:24.312674
StAnWorks_install_cq: 0:01:24.207838
