ListWorksALL: 0:02:24.217091
StAnWorks_install_pvs: 0:00:10.940964
StAnWorks_install_oint: 0:11:11.296596
StAnWorks_install_cppc: 0:04:17.324199
StAnWorks_install_cc: 0:02:45.006068
StAnWorks_install_cq: 0:00:22.555668
StAnWorks_works_pvs_on_290321oft3: 0:00:00.000012
StAnWorks_works_oint_on_290321oft3: 0:02:53.393430
StAnWorks_works_cc_on_290321oft3: 0:00:00.000012
StAnWorks_works_cppc_on_290321oft3: 4:02:09.951767
