ListWorksALL: 0:02:04.683289
StAnWorks_install_pvs: 0:00:09.073088
StAnWorks_install_oint: 0:11:10.795059
StAnWorks_install_cppc: 0:04:05.243998
StAnWorks_install_cc: 0:03:02.798817
StAnWorks_install_cq: 0:00:16.753910
