ListWorksALL: 0:02:12.793047
StAnWorks_install_pvs: 0:00:14.158046
StAnWorks_install_oint: 0:12:15.995643
StAnWorks_install_cppc: 0:04:24.082849
StAnWorks_install_cc: 0:03:02.155178
StAnWorks_install_cq: 0:00:20.863100
StAnWorks_works_pvs_on_150321oft2: 0:00:00.000015
StAnWorks_works_oint_on_150321oft2: 1:05:47.765692
