ListWorksALL: 0:01:10.535200
StAnWorks_install_pvs: 0:00:08.308768
StAnWorks_install_oint: 0:11:18.839449
StAnWorks_install_cppc: 0:00:16.533608
StAnWorks_install_cc: 0:03:41.511695
StAnWorks_install_cq: 0:00:27.850122
StAnWorks_install_pvs: 0:00:26.349659
StAnWorks_install_cq: 0:01:07.544719
StAnWorks_works_pvs_on_m120822p3: 4:01:40.937871
StAnWorks_install_pvs: 0:00:18.989848
StAnWorks_install_cq: 0:00:41.547073
