ListWorksALL: 0:01:59.262274
StAnWorks_install_pvs: 0:00:11.395998
StAnWorks_install_oint: 0:11:58.878682
StAnWorks_install_cppc: 0:04:10.386220
StAnWorks_install_cc: 0:02:59.642069
StAnWorks_install_cq: 0:00:18.843131
StAnWorks_works_pvs_on_060321oft2: 0:00:00.000014
StAnWorks_works_oint_on_060321oft2: 0:00:00.000011
StAnWorks_works_cc_on_060321oft2: 0:00:00.000012
StAnWorks_works_cppc_on_060321oft2: 1:36:56.357951
StAnWorks_works_cq_on_060321oft2: 0:02:06.143641
StAnWorks_works_pvs_on_150321oft2: 0:06:19.599253
StAnWorks_works_oint_on_150321oft2: 1:01:05.849299
StAnWorks_works_cc_on_150321oft2: 0:00:00.000011
StAnWorks_works_cppc_on_150321oft2: 0:12:09.496070
StAnWorks_works_cq_on_150321oft2: 2:32:58.938714
