ListWorksALL: 0:02:05.602017
StAnWorks_install_pvs: 0:00:49.842440
StAnWorks_install_oint: 0:11:35.499502
StAnWorks_install_cppc: 0:04:07.150104
StAnWorks_install_cc: 0:02:56.692970
StAnWorks_install_cq: 0:00:18.081560
StAnWorks_works_pvs_on_160421oft4: 0:12:23.789674
StAnWorks_works_oint_on_160421oft4: 0:09:07.258388
StAnWorks_works_cc_on_160421oft4: 0:16:42.257365
StAnWorks_works_cppc_on_160421oft4: 2:00:48.095203
