ListWorksALL: 0:00:39.256329
StAnWorks_install_pvs: 0:00:11.546919
StAnWorks_install_oint: 0:12:55.762453
StAnWorks_install_cppc: 0:00:20.340234
StAnWorks_install_cc: 0:04:35.384975
StAnWorks_install_cq: 0:01:25.495293
StAnWorks_works_pvs_on_m120822p3: 0:00:00.000017
