ListWorksALL: 0:00:13.497367
StAnWorks_install_pvs: 0:00:10.207700
StAnWorks_install_oint: 0:07:54.892961
StAnWorks_install_cppc: 0:03:14.420068
StAnWorks_install_cc: 0:02:37.722643
