ListWorksALL: 0:02:11.812673
StAnWorks_install_pvs: 0:00:03.784354
StAnWorks_install_oint: 0:11:36.096174
StAnWorks_install_cppc: 0:04:10.281321
StAnWorks_install_cc: 0:03:13.735763
StAnWorks_install_cq: 0:00:19.230834
StAnWorks_works_pvs_on_290321oft3: 0:00:00.000012
StAnWorks_works_oint_on_290321oft3: 0:02:34.458395
StAnWorks_works_cc_on_290321oft3: 0:00:00.000020
StAnWorks_works_cppc_on_290321oft3: 0:00:00.000013
StAnWorks_works_cq_on_290321oft3: 3:43:46.137132
