ListWorksALL: 0:00:50.064310
StAnWorks_install_pvs: 0:00:08.823830
StAnWorks_install_oint: 0:10:41.175893
StAnWorks_install_cppc: 0:00:17.929302
StAnWorks_install_cc: 0:03:19.491475
StAnWorks_install_cq: 0:01:24.439981
StAnWorks_works_pvs_on_m200822p4: 1:29:32.537314
StAnWorks_works_cq_on_m200822p4: 0:23:21.095686
StAnWorks_works_oint_on_m200822p4: 0:49:01.826155
StAnWorks_works_cc_on_m200822p4: 1:10:27.111649
