ListWorksALL: 0:00:51.081641
StAnWorks_install_pvs: 0:00:08.919159
StAnWorks_install_oint: 0:10:37.646259
StAnWorks_install_cppc: 0:00:17.899831
StAnWorks_install_cc: 0:03:29.125949
StAnWorks_install_cq: 0:00:34.500495
