ListWorksALL: 0:00:55.969108
StAnWorks_install_pvs: 0:00:32.381009
StAnWorks_install_oint: 0:10:14.541752
StAnWorks_install_cppc: 0:00:17.733891
StAnWorks_install_cc: 0:03:24.776742
StAnWorks_install_cq: 0:00:34.263251
StAnWorks_works_pvs_on_m120822p3: 0:00:00.000012
StAnWorks_works_cq_on_m120822p3: 4:01:14.177117
