ListWorksALL: 0:00:36.214498
StAnWorks_install_pvs: 0:00:08.554130
StAnWorks_install_oint: 0:10:28.864655
StAnWorks_install_cppc: 0:00:17.328518
StAnWorks_install_cc: 0:03:27.559839
