ListWorksALL: 0:02:11.690095
StAnWorks_install_pvs: 0:00:10.548552
StAnWorks_install_oint: 0:12:51.265072
StAnWorks_install_cppc: 0:04:26.383127
StAnWorks_install_cc: 0:00:47.258999
StAnWorks_install_cq: 0:00:19.408349
StAnWorks_works_pvs_on_210321oft3: 0:00:00.000014
StAnWorks_works_oint_on_210321oft3: 0:00:00.000014
StAnWorks_works_cc_on_210321oft3: 0:00:00.000014
