ListWorksALL: 0:02:09.350967
StAnWorks_install_pvs: 0:00:11.274073
StAnWorks_install_oint: 0:11:00.206385
StAnWorks_install_cppc: 0:03:23.167284
StAnWorks_install_cc: 0:02:42.481666
StAnWorks_install_cq: 0:00:15.565815
StAnWorks_works_pvs_on_060321oft2: 0:02:02.046560
