ListWorksALL: 0:02:08.120147
StAnWorks_install_pvs: 0:00:07.528787
StAnWorks_install_oint: 0:10:59.101551
StAnWorks_install_cppc: 0:03:52.415899
StAnWorks_install_cc: 0:02:57.748109
StAnWorks_install_cq: 0:00:20.099927
StAnWorks_works_pvs_on_newtest3: 0:00:00.000020
StAnWorks_works_oint_on_newtest3: 0:00:00.000018
