ListWorksALL: 0:01:11.928705
StAnWorks_install_pvs: 0:00:11.443513
StAnWorks_install_oint: 0:12:58.299803
StAnWorks_install_cppc: 0:00:21.516024
StAnWorks_install_cc: 0:04:06.925390
StAnWorks_install_cq: 0:01:19.072876
StAnWorks_install_pvs: 0:00:25.279696
StAnWorks_install_cq: 0:01:28.951970
StAnWorks_install_pvs: 0:00:19.184660
StAnWorks_install_cq: 0:00:36.033252
StAnWorks_install_pvs: 0:00:44.222674
StAnWorks_install_cq: 0:00:51.523022
