ListWorksALL: 0:03:00.406765
StAnWorks_install_pvs: 0:00:11.851522
StAnWorks_install_oint: 0:11:35.108444
StAnWorks_install_cppc: 0:04:08.645261
StAnWorks_install_cc: 0:03:14.505657
StAnWorks_install_cq: 0:00:18.574942
StAnWorks_works_pvs_on_150321oft2: 0:00:00.000011
StAnWorks_works_oint_on_150321oft2: 0:59:12.883551
StAnWorks_works_cc_on_150321oft2: 0:00:00.000012
StAnWorks_works_cppc_on_150321oft2: 0:00:00.000012
StAnWorks_works_cq_on_150321oft2: 2:28:53.392853
StAnWorks_works_pvs_on_290321oft3: 0:02:25.800368
