ListWorksALL: 0:02:03.661012
StAnWorks_install_pvs: 0:00:18.525755
StAnWorks_install_oint: 0:12:45.500289
StAnWorks_install_cppc: 0:04:38.634798
StAnWorks_install_cc: 0:03:06.719325
