ListWorksALL: 0:02:20.455005
StAnWorks_install_pvs: 0:00:12.560041
StAnWorks_install_oint: 0:13:16.766253
StAnWorks_install_cppc: 0:04:47.238771
StAnWorks_install_cc: 0:03:14.269267
StAnWorks_install_cq: 0:00:23.457399
