ListWorksALL: 0:01:17.369211
StAnWorks_install_pvs: 0:00:12.549588
StAnWorks_install_oint: 0:09:46.686922
StAnWorks_install_cppc: 0:04:06.260324
StAnWorks_install_cc: 0:03:24.447564
StAnWorks_works_pvs_on_test6: 0:00:00.000028
StAnWorks_works_oint_on_test6: 0:00:00.000025
StAnWorks_works_cc_on_test6: 4:01:33.551598
