ListWorksALL: 0:01:51.305133
StAnWorks_install_pvs: 0:00:12.895246
StAnWorks_install_oint: 0:12:11.175952
StAnWorks_install_cppc: 0:04:17.011560
StAnWorks_install_cc: 0:02:57.049568
StAnWorks_install_cq: 0:00:17.066420
StAnWorks_works_pvs_on_150321oft2: 0:00:00.000013
StAnWorks_works_oint_on_150321oft2: 1:00:30.832170
StAnWorks_works_cc_on_150321oft2: 0:00:00.000015
StAnWorks_works_cppc_on_150321oft2: 4:02:10.009339
