ListWorksALL: 0:02:37.194918
StAnWorks_install_pvs: 0:00:12.064083
StAnWorks_install_oint: 0:10:56.747726
StAnWorks_install_cppc: 0:03:42.980410
StAnWorks_install_cc: 0:02:45.767027
