ListWorksALL: 0:01:55.509461
StAnWorks_install_pvs: 0:00:13.303668
StAnWorks_install_oint: 0:12:00.604756
StAnWorks_install_cppc: 0:04:21.739458
StAnWorks_install_cc: 0:02:55.851527
StAnWorks_install_cq: 0:00:18.656935
