ListWorksALL: 0:02:07.993347
StAnWorks_install_pvs: 0:00:12.211276
StAnWorks_install_oint: 0:11:07.179061
StAnWorks_install_cppc: 0:04:01.721193
StAnWorks_install_cc: 0:02:57.221665
StAnWorks_install_cq: 0:00:21.481070
