ListWorksALL: 0:02:05.385079
StAnWorks_install_pvs: 0:00:07.486014
StAnWorks_install_oint: 0:12:07.191689
StAnWorks_install_cppc: 0:04:04.918147
StAnWorks_install_cc: 0:03:14.456878
