ListWorksALL: 0:01:37.357529
StAnWorks_install_pvs: 0:00:11.423210
StAnWorks_install_oint: 0:10:26.147237
StAnWorks_install_cppc: 0:03:43.294357
StAnWorks_install_cc: 0:02:34.202038
StAnWorks_install_cq: 0:00:17.185265
