ListWorksALL: 0:00:30.004217
StAnWorks_install_pvs: 0:00:08.454366
StAnWorks_install_oint: 0:12:52.626648
StAnWorks_install_cppc: 0:04:43.683640
StAnWorks_install_cc: 0:04:17.007843
StAnWorks_install_cq: 0:00:48.671329
StAnWorks_works_pvs_on_newDesc230722p1: 0:08:30.814841
StAnWorks_works_cq_on_newDesc230722p1: 0:09:04.466871
StAnWorks_works_oint_on_newDesc230722p1: 0:01:20.682277
