ListWorksALL: 0:01:09.173372
StAnWorks_install_pvs: 0:00:11.577006
StAnWorks_install_oint: 0:15:16.051828
StAnWorks_install_cppc: 0:00:22.454312
StAnWorks_install_cc: 0:05:04.663918
StAnWorks_install_cq: 0:00:46.483387
StAnWorks_works_pvs_on_m060822p2: 4:01:17.598827
StAnWorks_install_pvs: 0:00:19.825113
StAnWorks_install_cq: 0:00:31.833197
