ListWorksALL: 0:00:24.119850
StAnWorks_install_pvs: 0:00:07.686233
StAnWorks_install_oint: 0:10:19.462841
StAnWorks_install_cppc: 0:03:44.892717
StAnWorks_install_cc: 0:03:27.620437
StAnWorks_install_cq: 0:00:35.571140
