ListWorksALL: 0:00:17.348998
StAnWorks_install_pvs: 0:00:12.093227
StAnWorks_install_oint: 0:09:01.597892
StAnWorks_install_cppc: 0:03:40.644646
StAnWorks_install_cc: 0:03:11.954874
StAnWorks_works_pvs_on_test6: 0:00:00.000020
StAnWorks_works_oint_on_test6: 0:00:00.000020
