ListWorksALL: 0:02:42.503768
StAnWorks_install_pvs: 0:00:11.214481
StAnWorks_install_oint: 0:12:56.093931
StAnWorks_install_cppc: 0:04:19.612140
StAnWorks_install_cc: 0:03:27.328693
StAnWorks_install_cq: 0:00:19.015159
StAnWorks_works_pvs_on_100421oft4: 0:00:00.000013
