ListWorksALL: 0:01:56.935678
StAnWorks_install_pvs: 0:00:13.392833
StAnWorks_install_oint: 0:09:15.447601
StAnWorks_install_cppc: 0:03:44.292747
StAnWorks_install_cc: 0:03:19.118794
StAnWorks_install_cq: 0:00:18.873815
StAnWorks_works_pvs_on_test1: 0:00:00.000026
