ListWorksALL: 0:01:07.987110
StAnWorks_install_pvs: 0:00:08.169776
StAnWorks_install_oint: 0:10:24.912599
StAnWorks_install_cppc: 0:00:15.861403
StAnWorks_install_cc: 0:03:25.842432
StAnWorks_install_cq: 0:00:27.832493
StAnWorks_install_pvs: 0:00:23.544046
StAnWorks_install_cq: 0:01:15.108661
