ListWorksALL: 0:02:07.678925
StAnWorks_install_pvs: 0:00:11.511262
StAnWorks_install_oint: 0:12:49.410066
StAnWorks_install_cppc: 0:04:22.275780
StAnWorks_install_cc: 0:03:29.306827
