ListWorksALL: 0:01:19.768818
StAnWorks_install_pvs: 0:00:08.827835
StAnWorks_install_oint: 0:13:02.950418
StAnWorks_install_cppc: 0:04:26.068842
StAnWorks_install_cc: 0:04:04.418453
StAnWorks_install_cq: 0:01:07.271737
StAnWorks_works_pvs_on_m060822p2: 0:00:00.000024
StAnWorks_works_cq_on_m060822p2: 0:00:00.000019
