ListWorksALL: 0:00:10.231465
StAnWorks_install_pvs: 0:00:09.953911
StAnWorks_install_oint: 0:08:05.312268
StAnWorks_install_cppc: 0:03:10.523820
StAnWorks_install_cc: 0:02:59.963195
