ListWorksALL: 0:00:44.233006
StAnWorks_install_pvs: 0:00:09.686338
StAnWorks_install_oint: 0:12:21.867697
StAnWorks_install_cppc: 0:00:19.604404
StAnWorks_install_cc: 0:03:59.499675
