ListWorksALL: 0:00:44.819558
StAnWorks_install_pvs: 0:00:08.770509
StAnWorks_install_oint: 0:10:55.701479
StAnWorks_install_cppc: 0:00:17.348457
StAnWorks_install_cc: 0:03:40.523196
StAnWorks_install_cq: 0:00:30.203155
StAnWorks_install_pvs: 0:00:24.278612
StAnWorks_install_cq: 0:00:32.437147
StAnWorks_works_pvs_on_m120822p3: 4:01:07.960966
