ListWorksALL: 0:02:28.300369
StAnWorks_install_pvs: 0:00:11.043702
StAnWorks_install_oint: 0:12:54.603093
StAnWorks_install_cppc: 0:04:23.597821
StAnWorks_install_cc: 0:03:15.430880
StAnWorks_install_cq: 0:00:21.672715
StAnWorks_works_pvs_on_210321oft3: 0:00:00.000015
StAnWorks_works_oint_on_210321oft3: 0:00:00.000015
StAnWorks_works_cc_on_210321oft3: 0:00:00.000014
