ListWorksALL: 0:00:39.780121
StAnWorks_install_pvs: 0:00:08.510594
StAnWorks_install_oint: 0:11:43.752750
StAnWorks_install_cppc: 0:04:00.354646
StAnWorks_install_cc: 0:03:36.887711
