ListWorksALL: 0:00:08.443167
StAnWorks_install_pvs: 0:00:10.070722
StAnWorks_install_oint: 0:14:41.460448
StAnWorks_install_cppc: 0:04:54.506670
StAnWorks_install_cc: 0:04:31.483687
StAnWorks_install_cq: 0:00:41.537713
StAnWorks_works_pvs_on_m240622p15: 0:00:00.000015
StAnWorks_works_cq_on_m240622p15: 0:33:03.225535
StAnWorks_works_oint_on_m240622p15: 4:00:40.471906
