ListWorksALL: 0:02:05.960254
StAnWorks_install_pvs: 0:00:10.967494
StAnWorks_install_oint: 0:12:30.694145
StAnWorks_install_cppc: 0:04:13.479741
StAnWorks_install_cc: 0:03:20.203192
StAnWorks_install_cq: 0:00:17.005718
StAnWorks_works_pvs_on_290321oft3: 0:00:00.000014
StAnWorks_works_oint_on_290321oft3: 0:02:14.891119
StAnWorks_works_cc_on_290321oft3: 0:00:00.000014
