ListWorksALL: 0:00:43.651400
StAnWorks_install_pvs: 0:00:08.933178
StAnWorks_install_oint: 0:12:11.075515
StAnWorks_install_cppc: 0:04:32.820247
StAnWorks_install_cc: 0:04:11.082052
