ListWorksALL: 0:02:14.002497
StAnWorks_install_pvs: 0:00:11.336191
StAnWorks_install_oint: 0:13:44.355529
StAnWorks_install_cppc: 0:04:33.440259
StAnWorks_install_cc: 0:03:51.600182
StAnWorks_install_cq: 0:00:18.460718
StAnWorks_works_pvs_on_290321oft3: 0:00:00.000027
StAnWorks_works_oint_on_290321oft3: 0:02:26.498172
