ListWorksALL: 0:00:35.133289
StAnWorks_install_pvs: 0:00:09.569815
StAnWorks_install_oint: 0:11:10.064298
StAnWorks_install_cppc: 0:00:21.262631
StAnWorks_install_cc: 0:04:07.578193
StAnWorks_install_cq: 0:00:52.880130
StAnWorks_works_pvs_on_newDesc230722p1: 0:00:00.000012
StAnWorks_works_cq_on_newDesc230722p1: 1:53:53.999956
StAnWorks_works_oint_on_newDesc230722p1: 0:04:35.660087
StAnWorks_works_cc_on_newDesc230722p1: 0:57:05.856594
StAnWorks_works_cppc_on_newDesc230722p1: 0:04:03.615749
StAnWorks_install_pvs: 0:00:24.834541
StAnWorks_install_cq: 0:00:34.463523
