ListWorksALL: 0:01:47.821211
StAnWorks_install_pvs: 0:00:14.513471
StAnWorks_install_oint: 0:12:40.256630
StAnWorks_install_cppc: 0:04:33.182728
StAnWorks_install_cc: 0:03:09.471072
