ListWorksALL: 0:00:39.814162
StAnWorks_install_pvs: 0:00:09.150333
StAnWorks_install_oint: 0:14:00.613812
StAnWorks_install_cppc: 0:04:39.306079
StAnWorks_install_cc: 0:04:17.222391
StAnWorks_install_cq: 0:00:39.460532
StAnWorks_works_pvs_on_200522p10: 2:53:45.561734
