ListWorksALL: 0:01:31.775442
StAnWorks_install_pvs: 0:00:26.086071
StAnWorks_install_oint: 0:10:10.276085
StAnWorks_install_cppc: 0:03:24.689762
StAnWorks_install_cc: 0:02:13.344788
StAnWorks_install_cq: 0:00:17.238289
StAnWorks_works_pvs_on_290321oft3: 0:00:00.000010
StAnWorks_works_oint_on_290321oft3: 0:01:57.502820
