ListWorksALL: 0:02:01.147530
StAnWorks_install_pvs: 0:00:10.576468
StAnWorks_install_oint: 0:12:17.178520
StAnWorks_install_cppc: 0:04:16.677336
StAnWorks_install_cc: 0:03:19.231062
StAnWorks_install_cq: 0:00:16.840849
StAnWorks_works_pvs_on_150321oft2: 0:00:00.000015
