ListWorksALL: 0:01:59.255120
StAnWorks_install_pvs: 0:00:12.247393
StAnWorks_install_oint: 0:09:09.498926
StAnWorks_install_cppc: 0:03:51.315019
StAnWorks_install_cc: 0:03:22.264447
StAnWorks_install_cq: 0:00:18.910753
StAnWorks_works_pvs_on_280221oft: 0:00:00.000033
StAnWorks_works_oint_on_280221oft: 0:02:14.790489
StAnWorks_works_cc_on_280221oft: 0:00:00.000019
