ListWorksALL: 0:00:39.814162
StAnWorks_install_pvs: 0:00:09.150333
StAnWorks_install_oint: 0:14:00.613812
StAnWorks_install_cppc: 0:04:39.306079
StAnWorks_install_cc: 0:04:17.222391
