ListWorksALL: 0:01:41.437208
StAnWorks_install_pvs: 0:00:10.459779
StAnWorks_install_oint: 0:10:15.118814
StAnWorks_install_cppc: 0:03:32.501868
StAnWorks_install_cc: 0:02:23.674055
