ListWorksALL: 0:02:10.706640
StAnWorks_install_pvs: 0:00:11.068006
StAnWorks_install_oint: 0:11:28.691496
StAnWorks_install_cppc: 0:04:17.752509
StAnWorks_install_cc: 0:03:06.072845
