ListWorksALL: 0:00:47.939444
StAnWorks_install_pvs: 0:00:12.920509
StAnWorks_install_oint: 0:09:54.700815
StAnWorks_install_cppc: 0:04:01.788733
StAnWorks_install_cc: 0:03:33.987859
StAnWorks_works_pvs_on_test2: 0:00:00.000021
