ListWorksALL: 0:02:12.988244
StAnWorks_install_pvs: 0:00:11.853159
StAnWorks_install_oint: 0:11:21.876341
StAnWorks_install_cppc: 0:04:06.435149
StAnWorks_install_cc: 0:03:33.061556
