ListWorksALL: 0:02:10.895372
StAnWorks_install_pvs: 0:00:09.323311
StAnWorks_install_oint: 0:13:14.646181
StAnWorks_install_cppc: 0:04:36.410937
StAnWorks_install_cc: 0:03:36.288495
StAnWorks_install_cq: 0:00:18.048566
StAnWorks_works_pvs_on_060321oft2: 0:00:00.000015
