ListWorksALL: 0:01:59.898154
StAnWorks_install_pvs: 0:00:10.314569
StAnWorks_install_oint: 0:12:34.021923
StAnWorks_install_cppc: 0:04:06.736061
StAnWorks_install_cc: 0:03:18.428498
StAnWorks_install_cq: 0:00:18.442532
StAnWorks_works_pvs_on_150321oft2: 0:00:00.000014
