ListWorksALL: 0:00:14.696127
StAnWorks_install_pvs: 0:00:10.547367
StAnWorks_install_oint: 0:08:55.093639
StAnWorks_install_cppc: 0:03:39.273774
StAnWorks_install_cc: 0:02:53.488585
StAnWorks_works_pvs_on_smalltmp: 0:00:00.000021
StAnWorks_works_oint_on_smalltmp: 0:00:00.000022
StAnWorks_works_cc_on_smalltmp: 0:10:41.388325
