ListWorksALL: 0:02:11.335329
StAnWorks_install_pvs: 0:00:09.059555
StAnWorks_install_oint: 0:11:45.025326
StAnWorks_install_cppc: 0:04:12.229385
StAnWorks_install_cc: 0:03:11.812978
StAnWorks_install_cq: 0:00:18.112605
StAnWorks_works_pvs_on_150321oft2: 0:00:00.000021
