ListWorksALL: 0:02:01.355665
StAnWorks_install_pvs: 0:00:10.059522
StAnWorks_install_oint: 0:12:07.203374
StAnWorks_install_cppc: 0:03:58.898162
StAnWorks_install_cc: 0:03:16.993533
StAnWorks_install_cq: 0:00:17.563229
