ListWorksALL: 0:00:09.536992
StAnWorks_install_pvs: 0:00:07.950150
StAnWorks_install_oint: 0:13:09.667257
StAnWorks_install_cppc: 0:04:23.916784
StAnWorks_install_cc: 0:04:18.630128
StAnWorks_install_cq: 0:00:54.396192
StAnWorks_install_pvs: 0:00:19.320310
StAnWorks_install_cq: 0:00:37.704336
StAnWorks_install_pvs: 0:00:22.520176
StAnWorks_install_cq: 0:00:32.968061
StAnWorks_install_pvs: 0:00:49.195003
StAnWorks_install_cq: 0:00:45.498464
