ListWorksALL: 0:00:56.775739
StAnWorks_install_pvs: 0:00:09.336327
StAnWorks_install_oint: 0:11:20.553502
StAnWorks_install_cppc: 0:00:16.811596
StAnWorks_install_cc: 0:03:39.054967
