ListWorksALL: 0:02:16.714145
StAnWorks_install_pvs: 0:00:11.204725
StAnWorks_install_oint: 0:13:49.410021
StAnWorks_install_cppc: 0:04:40.958580
StAnWorks_install_cc: 0:03:48.292650
StAnWorks_install_cq: 0:00:18.345154
StAnWorks_works_pvs_on_150321oft2: 0:00:00.000018
StAnWorks_works_oint_on_150321oft2: 1:09:01.916692
StAnWorks_works_cc_on_150321oft2: 0:00:00.000016
StAnWorks_works_cppc_on_150321oft2: 0:00:00.000015
StAnWorks_works_cq_on_150321oft2: 2:49:11.359870
