ListWorksALL: 0:00:40.275577
StAnWorks_install_pvs: 0:00:07.271877
StAnWorks_install_oint: 0:10:05.760010
StAnWorks_install_cppc: 0:00:17.993446
StAnWorks_install_cc: 0:03:14.873914
StAnWorks_install_cq: 0:00:31.829930
StAnWorks_install_pvs: 0:00:18.334737
StAnWorks_install_cq: 0:00:46.346658
StAnWorks_works_pvs_on_m060822p2: 4:01:09.920333
StAnWorks_install_pvs: 0:00:20.071782
StAnWorks_install_cq: 0:00:29.452044
StAnWorks_install_pvs: 0:00:37.603215
StAnWorks_install_cq: 0:00:55.908839
