ListWorksALL: 0:02:21.906309
StAnWorks_install_pvs: 0:00:20.253680
StAnWorks_install_oint: 0:13:54.733851
StAnWorks_install_cppc: 0:04:47.856124
StAnWorks_install_cc: 0:03:57.976335
StAnWorks_install_cq: 0:00:20.049567
