ListWorksALL: 0:02:07.605604
StAnWorks_install_pvs: 0:00:11.622108
StAnWorks_install_oint: 0:12:52.502712
StAnWorks_install_cppc: 0:04:24.173674
StAnWorks_install_cc: 0:03:32.233461
