ListWorksALL: 0:00:55.323778
StAnWorks_install_pvs: 0:00:13.447281
StAnWorks_install_oint: 0:12:12.603873
StAnWorks_install_cppc: 0:00:18.502404
StAnWorks_install_cc: 0:03:54.264327
StAnWorks_install_cq: 0:01:08.719078
StAnWorks_install_pvs: 0:00:50.494360
StAnWorks_install_cq: 0:00:54.830138
