ListWorksALL: 0:00:46.567465
StAnWorks_install_pvs: 0:00:03.383292
StAnWorks_install_oint: 0:14:57.439670
StAnWorks_install_cppc: 0:00:19.856972
StAnWorks_install_cc: 0:04:45.376747
