ListWorksALL: 0:02:06.044198
StAnWorks_install_pvs: 0:00:12.353377
StAnWorks_install_oint: 0:11:37.061455
StAnWorks_install_cppc: 0:04:25.729301
StAnWorks_install_cc: 0:03:00.539562
StAnWorks_install_cq: 0:00:19.873169
StAnWorks_works_pvs_on_test4_1: 0:00:00.000020
