ListWorksALL: 0:02:10.621288
StAnWorks_install_pvs: 0:00:10.685386
StAnWorks_install_oint: 0:13:36.127643
StAnWorks_install_cppc: 0:04:37.500665
StAnWorks_install_cc: 0:03:45.403881
StAnWorks_install_cq: 0:00:20.099538
StAnWorks_works_pvs_on_100421oft4: 0:03:10.268708
