ListWorksALL: 0:01:39.156292
StAnWorks_install_pvs: 0:00:16.239125
StAnWorks_install_oint: 0:12:06.003034
StAnWorks_install_cppc: 0:04:12.672323
StAnWorks_install_cc: 0:02:47.577979
StAnWorks_install_cq: 0:00:24.690363
StAnWorks_works_pvs_on_newtest3: 0:00:00.000014
StAnWorks_works_oint_on_newtest3: 0:00:00.000013
StAnWorks_works_cc_on_newtest3: 4:01:48.631092
