ListWorksALL: 0:02:13.399648
StAnWorks_install_pvs: 0:00:12.325211
StAnWorks_install_oint: 0:13:22.915457
StAnWorks_install_cppc: 0:04:30.885761
StAnWorks_install_cc: 0:03:49.443236
StAnWorks_install_cq: 0:00:18.754306
StAnWorks_works_pvs_on_220221oft: 0:00:00.000013
