ListWorksALL: 0:00:19.766107
StAnWorks_install_pvs: 0:00:07.849445
StAnWorks_install_oint: 0:10:34.438536
StAnWorks_install_cppc: 0:03:48.936078
StAnWorks_install_cc: 0:03:15.271109
StAnWorks_install_cq: 0:00:24.938121
