ListWorksALL: 0:00:44.585842
StAnWorks_install_pvs: 0:00:08.239031
StAnWorks_install_oint: 0:10:03.929004
StAnWorks_install_cppc: 0:00:17.958236
StAnWorks_install_cc: 0:03:14.805514
