ListWorksALL: 0:02:12.417618
StAnWorks_install_pvs: 0:00:13.011456
StAnWorks_install_oint: 0:11:10.293856
StAnWorks_install_cppc: 0:04:03.659447
StAnWorks_install_cc: 0:03:08.495080
StAnWorks_install_cq: 0:00:18.758483
StAnWorks_works_pvs_on_220221oft: 0:00:00.000019
StAnWorks_works_oint_on_220221oft: 0:02:33.294197
StAnWorks_works_cc_on_220221oft: 0:00:00.000012
