ListWorksALL: 0:02:28.173086
StAnWorks_install_pvs: 0:00:10.585977
StAnWorks_install_oint: 0:10:21.721244
StAnWorks_install_cppc: 0:03:49.741576
StAnWorks_install_cc: 0:02:36.404067
