ListWorksALL: 0:00:06.741432
StAnWorks_install_pvs: 0:00:09.634451
StAnWorks_install_oint: 0:13:06.851402
StAnWorks_install_cppc: 0:04:26.286277
StAnWorks_install_cc: 0:03:52.573134
StAnWorks_install_cq: 0:00:41.001451
StAnWorks_works_pvs_on_m180622p14: 0:00:00.000015
StAnWorks_works_cq_on_m180622p14: 0:00:00.000015
