ListWorksALL: 0:02:17.489734
StAnWorks_install_pvs: 0:00:12.812599
StAnWorks_install_oint: 0:11:15.934622
StAnWorks_install_cppc: 0:04:11.235353
StAnWorks_install_cc: 0:02:54.534729
StAnWorks_install_cq: 0:00:19.396102
StAnWorks_works_pvs_on_150321oft2: 0:00:00.000013
