ListWorksALL: 0:00:15.975258
StAnWorks_install_pvs: 0:00:08.383543
StAnWorks_install_oint: 0:12:02.473733
StAnWorks_install_cppc: 0:04:17.799208
StAnWorks_install_cc: 0:01:06.937744
