ListWorksALL: 0:00:50.461207
StAnWorks_install_pvs: 0:00:08.655122
StAnWorks_install_oint: 0:12:08.137563
StAnWorks_install_cppc: 0:00:19.299481
StAnWorks_install_cc: 0:03:54.486660
StAnWorks_install_cq: 0:00:33.201399
StAnWorks_works_pvs_on_m060822p2: 0:00:00.000021
StAnWorks_works_cq_on_m060822p2: 0:00:00.000013
