ListWorksALL: 0:02:05.385079
StAnWorks_install_pvs: 0:00:07.486014
StAnWorks_install_oint: 0:12:07.191689
StAnWorks_install_cppc: 0:04:04.918147
StAnWorks_install_cc: 0:03:14.456878
StAnWorks_install_cq: 0:00:17.842080
StAnWorks_works_pvs_on_210321oft3: 0:00:00.000013
