ListWorksALL: 0:02:09.649582
StAnWorks_install_pvs: 0:00:13.720447
StAnWorks_install_oint: 0:12:39.241603
StAnWorks_install_cppc: 0:04:33.951698
StAnWorks_install_cc: 0:02:57.990531
StAnWorks_install_cq: 0:00:32.453949
StAnWorks_works_pvs_on_280221oft: 0:00:00.000015
StAnWorks_works_oint_on_280221oft: 0:02:13.176873
StAnWorks_works_cc_on_280221oft: 4:02:10.863246
StAnWorks_works_cppc_on_280221oft: 0:00:00.000012
