ListWorksALL: 0:00:20.560107
StAnWorks_install_pvs: 0:00:09.023795
StAnWorks_install_oint: 0:12:42.185050
StAnWorks_install_cppc: 0:04:35.618245
StAnWorks_install_cc: 0:01:12.997659
