ListWorksALL: 0:02:00.484899
StAnWorks_install_pvs: 0:00:18.530835
StAnWorks_install_oint: 0:11:54.827491
StAnWorks_install_cppc: 0:04:13.381295
StAnWorks_install_cc: 0:02:54.473918
StAnWorks_install_cq: 0:00:16.879310
StAnWorks_works_pvs_on_test4: 0:00:00.000015
StAnWorks_works_oint_on_test4: 0:09:36.504596
StAnWorks_works_cc_on_test4: 0:00:00.000017
