ListWorksALL: 0:01:55.282146
StAnWorks_install_pvs: 0:00:12.012928
StAnWorks_install_oint: 0:09:46.061460
StAnWorks_install_cppc: 0:03:48.411784
StAnWorks_install_cc: 0:03:26.294597
StAnWorks_install_cq: 0:00:18.595820
