ListWorksALL: 0:00:09.199295
StAnWorks_install_pvs: 0:00:08.568476
StAnWorks_install_oint: 0:10:50.536265
StAnWorks_install_cppc: 0:03:59.725109
StAnWorks_install_cc: 0:03:48.822550
StAnWorks_install_cq: 0:00:27.399607
