ListWorksALL: 0:02:18.556753
StAnWorks_install_pvs: 0:00:14.094622
StAnWorks_install_oint: 0:13:03.035141
StAnWorks_install_cppc: 0:04:24.162049
StAnWorks_install_cc: 0:03:28.442073
