ListWorksALL: 0:00:59.923940
StAnWorks_install_pvs: 0:00:15.653238
StAnWorks_install_oint: 0:08:58.951382
StAnWorks_install_cppc: 0:03:13.022626
StAnWorks_install_cc: 0:03:02.095182
