ListWorksALL: 0:00:26.721034
StAnWorks_install_pvs: 0:00:08.780360
StAnWorks_install_oint: 0:10:29.118303
StAnWorks_install_cppc: 0:00:16.703990
StAnWorks_install_cc: 0:03:30.138947
