ListWorksALL: 0:00:43.651400
StAnWorks_install_pvs: 0:00:08.933178
StAnWorks_install_oint: 0:12:11.075515
StAnWorks_install_cppc: 0:04:32.820247
StAnWorks_install_cc: 0:04:11.082052
StAnWorks_install_cq: 0:00:32.927114
StAnWorks_works_pvs_on_m060822p2: 0:00:00.000014
StAnWorks_works_cq_on_m060822p2: 0:00:00.000013
StAnWorks_works_oint_on_m060822p2: 3:23:50.200741
