ListWorksALL: 0:01:57.474795
StAnWorks_install_pvs: 0:00:09.154705
StAnWorks_install_oint: 0:09:57.387691
StAnWorks_install_cppc: 0:03:21.125018
StAnWorks_install_cc: 0:02:40.435134
StAnWorks_install_cq: 0:00:17.459613
