ListWorksALL: 0:02:04.557520
StAnWorks_install_pvs: 0:00:12.767905
StAnWorks_install_oint: 0:13:13.364588
StAnWorks_install_cppc: 0:04:35.539015
StAnWorks_install_cc: 0:03:44.097960
