ListWorksALL: 0:02:12.638096
StAnWorks_install_pvs: 0:00:11.447265
StAnWorks_install_oint: 0:11:46.716413
StAnWorks_install_cppc: 0:04:22.340921
StAnWorks_install_cc: 0:03:20.895809
StAnWorks_install_cq: 0:00:17.836008
StAnWorks_works_pvs_on_150321oft2: 0:00:00.000014
StAnWorks_works_oint_on_150321oft2: 1:01:20.765006
StAnWorks_works_cc_on_150321oft2: 0:00:00.000013
StAnWorks_works_cppc_on_150321oft2: 4:02:18.229370
