ListWorksALL: 0:01:00.990323
StAnWorks_install_pvs: 0:00:11.426288
StAnWorks_install_oint: 0:15:06.917395
StAnWorks_install_cppc: 0:00:19.541246
StAnWorks_install_cc: 0:05:00.866788
StAnWorks_install_cq: 0:00:50.271358
StAnWorks_works_pvs_on_m120822p3: 0:00:00.000017
StAnWorks_works_cq_on_m120822p3: 0:00:00.000017
StAnWorks_install_pvs: 0:00:47.853185
StAnWorks_install_cq: 0:00:36.234391
StAnWorks_works_pvs_on_m120822p3: 0:00:00.000013
StAnWorks_works_cq_on_m120822p3: 4:01:16.307077
