ListWorksALL: 0:02:03.464024
StAnWorks_install_pvs: 0:00:13.858603
StAnWorks_install_oint: 0:11:53.036577
StAnWorks_install_cppc: 0:04:04.958100
StAnWorks_install_cc: 0:02:45.378195
