ListWorksALL: 0:01:07.862457
StAnWorks_install_pvs: 0:00:10.155231
StAnWorks_install_oint: 0:15:25.533042
StAnWorks_install_cppc: 0:00:20.809713
StAnWorks_install_cc: 0:05:07.044304
StAnWorks_install_cq: 0:00:41.425354
StAnWorks_works_pvs_on_m060822p2: 0:00:00.000021
StAnWorks_works_cq_on_m060822p2: 0:00:00.000015
StAnWorks_works_oint_on_m060822p2: 3:48:11.412957
StAnWorks_install_pvs: 0:00:20.933473
StAnWorks_install_cq: 0:01:20.688602
StAnWorks_works_pvs_on_m120822p3: 4:01:15.181830
