ListWorksALL: 0:00:14.620599
StAnWorks_install_pvs: 0:00:11.617246
StAnWorks_install_oint: 0:09:19.162779
StAnWorks_install_cc: 0:01:42.459046
