ListWorksALL: 0:02:19.515875
StAnWorks_install_pvs: 0:00:11.393633
StAnWorks_install_oint: 0:12:35.372550
StAnWorks_install_cppc: 0:04:26.289556
StAnWorks_install_cc: 0:03:09.810813
StAnWorks_install_cq: 0:00:18.802182
StAnWorks_works_pvs_on_test6: 0:00:00.000014
StAnWorks_works_oint_on_test6: 0:00:00.000013
