ListWorksALL: 0:00:25.371503
StAnWorks_install_pvs: 0:00:07.533761
StAnWorks_install_oint: 0:10:36.936959
StAnWorks_install_cppc: 0:00:17.245830
StAnWorks_install_cc: 0:03:12.574813
