ListWorksALL: 0:00:20.783689
StAnWorks_install_pvs: 0:00:12.402302
StAnWorks_install_oint: 0:15:01.056459
StAnWorks_install_cppc: 0:05:00.505019
StAnWorks_install_cc: 0:01:18.082484
StAnWorks_install_cq: 0:00:33.095302
StAnWorks_works_pvs_on_m030622p12: 0:00:00.000036
