ListWorksALL: 0:00:17.229952
StAnWorks_install_pvs: 0:00:07.302306
StAnWorks_install_oint: 0:10:25.539846
StAnWorks_install_cppc: 0:03:44.417837
StAnWorks_install_cc: 0:00:57.898470
