ListWorksALL: 0:02:02.937411
StAnWorks_install_pvs: 0:00:19.066548
StAnWorks_install_oint: 0:11:57.178813
StAnWorks_install_cppc: 0:04:04.224059
StAnWorks_install_cc: 0:02:53.717500
StAnWorks_install_cq: 0:00:19.003702
StAnWorks_works_pvs_on_newtest3: 0:00:00.000014
StAnWorks_works_oint_on_newtest3: 0:00:00.000018
