ListWorksALL: 0:02:02.892620
StAnWorks_install_pvs: 0:00:17.658576
StAnWorks_install_oint: 0:11:42.683222
StAnWorks_install_cppc: 0:04:07.390762
StAnWorks_install_cc: 0:02:57.240651
StAnWorks_install_cq: 0:00:22.527659
