ListWorksALL: 0:00:53.846165
StAnWorks_install_pvs: 0:00:09.561900
StAnWorks_install_oint: 0:14:22.288169
StAnWorks_install_cppc: 0:00:19.196497
StAnWorks_install_cc: 0:04:40.243746
StAnWorks_install_cq: 0:01:05.390819
