ListWorksALL: 0:02:16.624020
StAnWorks_install_pvs: 0:00:14.473387
StAnWorks_install_oint: 0:13:06.626555
StAnWorks_install_cppc: 0:04:38.664542
StAnWorks_install_cc: 0:01:02.916949
StAnWorks_install_cq: 0:00:21.604754
