ListWorksALL: 0:00:17.001658
StAnWorks_install_pvs: 0:00:12.956620
StAnWorks_install_oint: 0:09:15.881517
StAnWorks_install_cppc: 0:03:52.651453
StAnWorks_install_cc: 0:00:37.411244
