ListWorksALL: 0:00:45.100120
StAnWorks_install_pvs: 0:00:09.535105
StAnWorks_install_oint: 0:10:40.739383
StAnWorks_install_cppc: 0:00:16.243126
StAnWorks_install_cc: 0:03:31.174734
StAnWorks_install_cq: 0:00:28.697804
StAnWorks_install_pvs: 0:00:39.729237
StAnWorks_install_cq: 0:00:32.744413
StAnWorks_works_pvs_on_m200822p4: 3:31:34.622069
StAnWorks_install_pvs: 0:00:36.996415
StAnWorks_install_cq: 0:00:46.526910
StAnWorks_install_pvs: 0:00:39.615008
StAnWorks_install_cq: 0:00:33.066139
