ListWorksALL: 0:02:23.295660
StAnWorks_install_pvs: 0:00:16.656410
StAnWorks_install_oint: 0:12:03.100055
StAnWorks_install_cppc: 0:04:27.170547
StAnWorks_install_cc: 0:02:58.058204
StAnWorks_install_cq: 0:00:22.840793
StAnWorks_works_pvs_on_290321oft3: 0:00:00.000013
StAnWorks_works_oint_on_290321oft3: 0:03:05.775033
StAnWorks_works_cc_on_290321oft3: 0:00:00.000015
StAnWorks_works_cppc_on_290321oft3: 0:00:00.000025
StAnWorks_works_cq_on_290321oft3: 4:00:32.716075
StAnWorks_works_pvs_on_test1: 0:03:47.369980
