ListWorksALL: 0:02:34.367214
StAnWorks_install_pvs: 0:00:13.538295
StAnWorks_install_oint: 0:13:02.762579
StAnWorks_install_cppc: 0:04:44.488224
StAnWorks_install_cc: 0:03:12.018340
