ListWorksALL: 0:00:27.835776
StAnWorks_install_pvs: 0:00:07.970920
StAnWorks_install_oint: 0:10:40.308835
StAnWorks_install_cppc: 0:03:50.706266
StAnWorks_install_cc: 0:03:36.706565
