ListWorksALL: 0:02:24.094422
StAnWorks_install_pvs: 0:00:13.861391
StAnWorks_install_oint: 0:11:13.054503
StAnWorks_install_cppc: 0:04:15.609124
StAnWorks_install_cc: 0:02:53.700751
