ListWorksALL: 0:01:57.012589
StAnWorks_install_pvs: 0:00:08.003307
StAnWorks_install_oint: 0:10:02.796598
StAnWorks_install_cppc: 0:03:37.988033
StAnWorks_install_cc: 0:02:44.754244
