ListWorksALL: 0:01:58.991725
StAnWorks_install_pvs: 0:00:10.008545
StAnWorks_install_oint: 0:10:38.168274
StAnWorks_install_cppc: 0:03:54.811060
StAnWorks_install_cc: 0:02:56.314764
StAnWorks_install_cq: 0:00:17.398681
StAnWorks_works_pvs_on_test6: 0:00:00.000015
StAnWorks_works_oint_on_test6: 0:00:00.000012
