ListWorksALL: 0:00:21.904532
StAnWorks_install_pvs: 0:00:07.879304
StAnWorks_install_oint: 0:10:26.040564
StAnWorks_install_cppc: 0:00:16.090625
StAnWorks_install_cc: 0:03:25.712030
StAnWorks_install_cq: 0:00:29.258720
