ListWorksALL: 0:01:50.093016
StAnWorks_install_pvs: 0:00:10.585688
StAnWorks_install_oint: 0:09:41.476598
StAnWorks_install_cppc: 0:03:22.146084
StAnWorks_install_cc: 0:02:34.716042
