ListWorksALL: 0:02:39.644439
StAnWorks_install_pvs: 0:00:10.303645
StAnWorks_install_oint: 0:12:34.073219
StAnWorks_install_cppc: 0:04:12.533850
StAnWorks_install_cc: 0:03:20.183386
