ListWorksALL: 0:02:09.048067
StAnWorks_install_pvs: 0:00:10.686692
StAnWorks_install_oint: 0:12:58.373602
StAnWorks_install_cppc: 0:04:30.986615
StAnWorks_install_cc: 0:01:42.960373
StAnWorks_install_cq: 0:00:18.117210
StAnWorks_works_pvs_on_test5: 0:04:23.558218
