ListWorksALL: 0:02:25.942261
StAnWorks_install_pvs: 0:00:12.138383
StAnWorks_install_oint: 0:12:55.090844
StAnWorks_install_cppc: 0:04:26.244986
StAnWorks_install_cc: 0:03:30.813376
