ListWorksALL: 0:02:07.275172
StAnWorks_install_pvs: 0:00:11.173836
StAnWorks_install_oint: 0:13:22.009845
StAnWorks_install_cppc: 0:04:32.990948
StAnWorks_install_cc: 0:03:40.170787
StAnWorks_install_cq: 0:00:20.668437
