ListWorksALL: 0:02:12.926448
StAnWorks_install_pvs: 0:00:20.412641
StAnWorks_install_oint: 0:10:56.402163
StAnWorks_install_cppc: 0:03:59.938832
StAnWorks_install_cc: 0:02:55.646173
