ListWorksALL: 0:00:09.725882
StAnWorks_install_pvs: 0:00:09.192464
StAnWorks_install_oint: 0:15:37.182262
StAnWorks_install_cppc: 0:05:05.185502
StAnWorks_install_cc: 0:04:36.762700
StAnWorks_install_cq: 0:00:49.019478
StAnWorks_works_pvs_on_m240622p15: 0:00:00.000015
StAnWorks_works_cq_on_m240622p15: 0:00:00.000015
