ListWorksALL: 0:01:48.354241
StAnWorks_install_pvs: 0:00:15.198469
StAnWorks_install_oint: 0:12:22.427201
StAnWorks_install_cppc: 0:04:26.437982
StAnWorks_install_cc: 0:03:01.961432
StAnWorks_install_cq: 0:00:18.151513
StAnWorks_works_pvs_on_290321oft3: 0:00:00.000013
