ListWorksALL: 0:00:10.091463
StAnWorks_install_pvs: 0:00:08.051105
StAnWorks_install_oint: 0:10:45.034551
StAnWorks_install_cppc: 0:03:46.580470
StAnWorks_install_cc: 0:03:39.733042
StAnWorks_install_cq: 0:00:37.051214
StAnWorks_install_pvs: 0:00:25.434671
StAnWorks_install_cq: 0:00:49.207955
