ListWorksALL: 0:01:58.121465
StAnWorks_install_pvs: 0:00:10.048841
StAnWorks_install_oint: 0:08:23.849869
StAnWorks_install_cppc: 0:03:21.954029
StAnWorks_install_cc: 0:03:03.602743
StAnWorks_install_cq: 0:00:20.293625
