ListWorksALL: 0:02:12.608771
StAnWorks_install_pvs: 0:00:13.934005
StAnWorks_install_oint: 0:12:36.149859
StAnWorks_install_cppc: 0:04:39.065668
StAnWorks_install_cc: 0:03:08.982521
