ListWorksALL: 0:02:11.471988
StAnWorks_install_pvs: 0:00:13.537456
StAnWorks_install_oint: 0:12:38.322543
StAnWorks_install_cppc: 0:04:33.197569
StAnWorks_install_cc: 0:03:05.539504
