ListWorksALL: 0:02:14.767059
StAnWorks_install_pvs: 0:00:15.020917
StAnWorks_install_oint: 0:12:00.759693
StAnWorks_install_cppc: 0:04:08.135797
StAnWorks_install_cc: 0:02:57.691237
StAnWorks_install_cq: 0:00:18.653047
StAnWorks_works_pvs_on_150321oft2: 0:00:00.000032
