ListWorksALL: 0:02:11.500013
StAnWorks_install_pvs: 0:00:11.520425
StAnWorks_install_oint: 0:11:34.347279
StAnWorks_install_cppc: 0:04:06.364425
StAnWorks_install_cc: 0:03:12.941714
StAnWorks_install_cq: 0:00:17.206799
StAnWorks_works_pvs_on_test4_1: 0:39:29.091488
