ListWorksALL: 0:02:09.842602
StAnWorks_install_pvs: 0:00:12.383612
StAnWorks_install_oint: 0:12:26.174498
StAnWorks_install_cppc: 0:04:35.831875
StAnWorks_install_cc: 0:03:09.382038
StAnWorks_install_cq: 0:00:18.484162
StAnWorks_works_pvs_on_test4: 0:00:00.000015
