ListWorksALL: 0:01:59.577980
StAnWorks_install_pvs: 0:00:18.091938
StAnWorks_install_oint: 0:11:21.548216
StAnWorks_install_cppc: 0:04:00.353852
StAnWorks_install_cc: 0:02:50.786275
StAnWorks_install_cq: 0:00:17.372108
StAnWorks_works_pvs_on_newtest3: 0:00:00.000020
StAnWorks_works_oint_on_newtest3: 0:00:00.000019
StAnWorks_works_cc_on_newtest3: 4:02:39.165101
