ListWorksALL: 0:02:01.097728
StAnWorks_install_pvs: 0:00:16.937524
StAnWorks_install_oint: 0:11:26.449957
StAnWorks_install_cppc: 0:04:16.798652
StAnWorks_install_cc: 0:02:51.834726
StAnWorks_install_cq: 0:00:18.992228
StAnWorks_works_pvs_on_220221oft: 0:00:00.000019
StAnWorks_works_oint_on_220221oft: 0:02:28.491735
StAnWorks_works_cc_on_220221oft: 0:00:00.000017
