ListWorksALL: 0:02:01.416575
StAnWorks_install_pvs: 0:00:07.847301
StAnWorks_install_oint: 0:11:42.450084
StAnWorks_install_cppc: 0:03:51.604364
StAnWorks_install_cc: 0:03:03.971872
StAnWorks_install_cq: 0:00:16.232572
StAnWorks_works_pvs_on_150321oft2: 0:00:00.000013
StAnWorks_works_oint_on_150321oft2: 0:55:47.479383
StAnWorks_works_cc_on_150321oft2: 0:00:00.000011
StAnWorks_works_cppc_on_150321oft2: 4:02:08.329975
