ListWorksALL: 0:00:54.050376
StAnWorks_install_pvs: 0:00:12.333783
StAnWorks_install_oint: 0:15:26.795269
StAnWorks_install_cppc: 0:00:19.957869
StAnWorks_install_cc: 0:04:58.603453
StAnWorks_install_cq: 0:00:37.016950
StAnWorks_works_pvs_on_m060822p2: 0:00:00.000017
StAnWorks_works_cq_on_m060822p2: 0:00:00.000016
