ListWorksALL: 0:00:16.002877
StAnWorks_install_pvs: 0:00:11.912021
StAnWorks_install_oint: 0:09:39.412109
StAnWorks_install_cc: 0:01:46.356978
StAnWorks_works_pvs_on_smalltmp: 0:11:22.812086
StAnWorks_works_oint_on_smalltmp: 0:04:39.472629
