ListWorksALL: 0:01:55.298301
StAnWorks_install_pvs: 0:00:15.794318
StAnWorks_install_oint: 0:11:26.500534
StAnWorks_install_cppc: 0:04:01.819816
StAnWorks_install_cc: 0:02:55.276669
