ListWorksALL: 0:02:07.481038
StAnWorks_install_pvs: 0:00:14.385526
StAnWorks_install_oint: 0:11:13.230999
StAnWorks_install_cppc: 0:04:10.930564
StAnWorks_install_cc: 0:02:47.069739
StAnWorks_install_cq: 0:00:20.611800
StAnWorks_works_pvs_on_290321oft3: 0:00:00.000012
StAnWorks_works_oint_on_290321oft3: 0:02:57.678648
StAnWorks_works_cc_on_290321oft3: 4:02:38.568127
