ListWorksALL: 0:02:17.338425
StAnWorks_install_pvs: 0:00:11.151313
StAnWorks_install_oint: 0:12:24.916482
StAnWorks_install_cppc: 0:04:19.613277
StAnWorks_install_cc: 0:03:05.149395
StAnWorks_install_cq: 0:00:20.793111
StAnWorks_works_pvs_on_test5_1_1: 0:00:00.000015
StAnWorks_works_oint_on_test5_1_1: 0:00:00.000014
StAnWorks_works_cc_on_test5_1_1: 0:00:00.000012
StAnWorks_works_cppc_on_test5_1_1: 0:00:00.000012
