ListWorksALL: 0:01:41.437208
StAnWorks_install_pvs: 0:00:10.459779
StAnWorks_install_oint: 0:10:15.118814
StAnWorks_install_cppc: 0:03:32.501868
StAnWorks_install_cc: 0:02:23.674055
StAnWorks_install_cq: 0:00:15.180648
StAnWorks_works_pvs_on_test4: 0:00:00.000013
StAnWorks_works_oint_on_test4: 0:08:00.733598
