ListWorksALL: 0:00:01.637825
StAnWorks_install_pvs: 0:00:07.764648
StAnWorks_install_oint: 0:10:41.896209
StAnWorks_install_cppc: 0:03:49.414637
StAnWorks_install_cc: 0:01:02.449701
