ListWorksALL: 0:02:15.569034
StAnWorks_install_pvs: 0:00:10.837751
StAnWorks_install_oint: 0:11:42.501295
StAnWorks_install_cppc: 0:04:08.822048
StAnWorks_install_cc: 0:03:12.413460
StAnWorks_install_cq: 0:00:21.714918
StAnWorks_works_pvs_on_test6: 0:00:00.000020
StAnWorks_works_oint_on_test6: 0:00:00.000011
StAnWorks_works_cc_on_test6: 0:00:00.000012
