ListWorksALL: 0:02:05.597013
StAnWorks_install_pvs: 0:00:16.714606
StAnWorks_install_oint: 0:11:02.604321
StAnWorks_install_cppc: 0:04:06.399391
StAnWorks_install_cc: 0:03:08.647434
StAnWorks_install_cq: 0:00:18.723891
StAnWorks_works_pvs_on_newtest3: 0:00:00.000019
StAnWorks_works_oint_on_newtest3: 0:00:00.000011
