ListWorksALL: 0:02:02.376032
StAnWorks_install_pvs: 0:00:09.754758
StAnWorks_install_oint: 0:09:20.272603
StAnWorks_install_cppc: 0:03:28.014047
StAnWorks_install_cc: 0:02:21.414414
StAnWorks_install_cq: 0:00:17.676189
StAnWorks_works_pvs_on_smalltmp: 0:00:00.000011
StAnWorks_works_oint_on_smalltmp: 0:00:00.000011
StAnWorks_works_cc_on_smalltmp: 0:00:00.000011
StAnWorks_works_cppc_on_smalltmp: 0:00:00.000011
