ListWorksALL: 0:01:03.772787
StAnWorks_install_pvs: 0:00:14.344848
StAnWorks_install_oint: 0:08:36.398604
StAnWorks_install_cppc: 0:03:23.664968
StAnWorks_install_cc: 0:03:06.146302
StAnWorks_works_pvs_on_test4: 0:00:00.000024
StAnWorks_works_oint_on_test4: 0:07:41.843697
