ListWorksALL: 0:00:49.738001
StAnWorks_install_pvs: 0:00:37.450981
StAnWorks_install_oint: 0:10:48.558358
StAnWorks_install_cppc: 0:00:17.702781
StAnWorks_install_cc: 0:06:24.638333
StAnWorks_install_cq: 0:00:33.114670
StAnWorks_works_pvs_on_m060822p2: 0:00:00.000011
StAnWorks_works_cq_on_m060822p2: 0:00:00.000011
