ListWorksALL: 0:02:02.615308
StAnWorks_install_pvs: 0:00:08.709700
StAnWorks_install_oint: 0:12:13.470360
StAnWorks_install_cppc: 0:04:00.143255
StAnWorks_install_cc: 0:03:12.776260
StAnWorks_install_cq: 0:00:17.108144
StAnWorks_works_pvs_on_290321oft3: 0:00:00.000012
StAnWorks_works_oint_on_290321oft3: 0:02:12.646277
StAnWorks_works_cc_on_290321oft3: 0:00:00.000012
StAnWorks_works_cppc_on_290321oft3: 4:02:04.344468
