ListWorksALL: 0:00:52.474010
StAnWorks_install_pvs: 0:00:09.426457
StAnWorks_install_oint: 0:15:02.774968
StAnWorks_install_cppc: 0:00:20.298193
StAnWorks_install_cc: 0:04:53.121872
StAnWorks_install_cq: 0:00:37.561227
StAnWorks_works_pvs_on_m060822p2: 0:00:00.000016
StAnWorks_works_cq_on_m060822p2: 0:00:00.000022
