ListWorksALL: 0:02:09.908264
StAnWorks_install_pvs: 0:00:13.704886
StAnWorks_install_oint: 0:12:27.114587
StAnWorks_install_cppc: 0:04:32.786295
StAnWorks_install_cc: 0:03:04.864716
StAnWorks_install_cq: 0:00:21.584368
StAnWorks_works_pvs_on_test4_1: 0:00:00.000017
StAnWorks_works_oint_on_test4_1: 0:00:00.000014
StAnWorks_works_cc_on_test4_1: 4:02:03.754660
