ListWorksALL: 0:00:25.727100
StAnWorks_install_pvs: 0:00:08.904234
StAnWorks_install_oint: 0:13:01.974464
StAnWorks_install_cppc: 0:04:33.221266
StAnWorks_install_cc: 0:04:27.694856
