ListWorksALL: 0:00:55.592965
StAnWorks_install_pvs: 0:00:09.021975
StAnWorks_install_oint: 0:10:30.804704
StAnWorks_install_cppc: 0:00:18.292272
StAnWorks_install_cc: 0:03:15.468668
StAnWorks_install_cq: 0:01:00.190746
StAnWorks_works_pvs_on_m120822p3: 0:00:00.000011
StAnWorks_works_cq_on_m120822p3: 0:00:00.000011
StAnWorks_works_oint_on_m120822p3: 0:01:18.105269
StAnWorks_works_cc_on_m120822p3: 0:00:00.000011
StAnWorks_works_cppc_on_m120822p3: 0:04:07.245221
StAnWorks_works_pvs_on_newDesc230722p1: 0:38:22.255944
StAnWorks_works_cq_on_newDesc230722p1: 1:29:27.689735
StAnWorks_works_oint_on_newDesc230722p1: 0:14:59.138081
StAnWorks_works_cc_on_newDesc230722p1: 0:36:01.254736
StAnWorks_works_cppc_on_newDesc230722p1: 0:03:53.998736
StAnWorks_install_pvs: 0:00:38.440279
StAnWorks_install_cq: 0:00:31.362982
StAnWorks_works_pvs_on_m200822p4: 0:00:00.000017
StAnWorks_works_cq_on_m200822p4: 3:40:57.141788
