ListWorksALL: 0:02:40.502156
StAnWorks_install_pvs: 0:00:12.511314
StAnWorks_install_oint: 0:11:17.177378
StAnWorks_install_cppc: 0:04:11.517931
StAnWorks_install_cc: 0:02:59.245846
StAnWorks_install_cq: 0:00:18.596188
