ListWorksALL: 0:01:57.405769
StAnWorks_install_pvs: 0:00:12.896512
StAnWorks_install_oint: 0:11:07.088396
StAnWorks_install_cppc: 0:04:09.308683
StAnWorks_install_cc: 0:02:43.965427
StAnWorks_install_cq: 0:00:19.655514
StAnWorks_works_pvs_on_test3: 0:00:00.000017
StAnWorks_works_oint_on_test3: 0:00:00.000011
StAnWorks_works_cc_on_test3: 0:00:00.000012
StAnWorks_works_cppc_on_test3: 0:00:00.000017
