ListWorksALL: 0:00:40.989209
StAnWorks_install_pvs: 0:00:08.273160
StAnWorks_install_oint: 0:10:18.987010
StAnWorks_install_cppc: 0:00:18.504914
StAnWorks_install_cc: 0:03:20.311619
StAnWorks_install_cq: 0:00:52.566088
