ListWorksALL: 0:02:22.270634
StAnWorks_install_pvs: 0:00:11.116545
StAnWorks_install_oint: 0:10:22.325948
StAnWorks_install_cppc: 0:03:45.895964
StAnWorks_install_cc: 0:02:32.111358
StAnWorks_install_cq: 0:00:19.796146
