ListWorksALL: 0:00:27.855329
StAnWorks_install_pvs: 0:00:08.060155
StAnWorks_install_oint: 0:10:18.493568
StAnWorks_install_cppc: 0:03:44.195895
StAnWorks_install_cc: 0:03:26.782373
