ListWorksALL: 0:02:17.147687
StAnWorks_install_pvs: 0:00:14.175165
StAnWorks_install_oint: 0:11:11.742699
StAnWorks_install_cppc: 0:04:12.869239
StAnWorks_install_cc: 0:02:51.121376
StAnWorks_install_cq: 0:00:19.810048
StAnWorks_works_pvs_on_280221oft: 0:00:00.000014
StAnWorks_works_oint_on_280221oft: 0:02:27.183665
StAnWorks_works_cc_on_280221oft: 4:03:10.848026
StAnWorks_works_cppc_on_280221oft: 0:00:00.000013
