ListWorksALL: 0:00:36.144873
StAnWorks_install_pvs: 0:00:07.871419
StAnWorks_install_oint: 0:09:59.592212
StAnWorks_install_cppc: 0:00:17.886804
StAnWorks_install_cc: 0:03:09.084645
StAnWorks_install_cq: 0:00:31.118255
