ListWorksALL: 0:00:03.490241
StAnWorks_install_pvs: 0:00:07.561222
StAnWorks_install_oint: 0:10:14.261682
StAnWorks_install_cppc: 0:03:35.543098
StAnWorks_install_cc: 0:01:03.619779
