ListWorksALL: 0:00:41.737754
StAnWorks_install_pvs: 0:00:10.158159
StAnWorks_install_oint: 0:13:10.192368
StAnWorks_install_cppc: 0:00:20.828617
StAnWorks_install_cc: 0:04:12.895257
StAnWorks_install_cq: 0:00:56.707888
StAnWorks_works_pvs_on_m120822p3: 0:00:00.000014
StAnWorks_works_cq_on_m120822p3: 0:00:00.000012
StAnWorks_works_oint_on_m120822p3: 0:01:14.569414
