ListWorksALL: 0:00:18.157845
StAnWorks_install_pvs: 0:00:09.393339
StAnWorks_install_oint: 0:08:33.446259
StAnWorks_install_cppc: 0:03:22.185405
StAnWorks_install_cc: 0:02:36.164268
