ListWorksALL: 0:02:08.655122
StAnWorks_install_pvs: 0:00:10.285607
StAnWorks_install_oint: 0:12:54.389424
StAnWorks_install_cppc: 0:04:45.097532
StAnWorks_install_cc: 0:00:50.779955
