ListWorksALL: 0:02:07.481038
StAnWorks_install_pvs: 0:00:14.385526
StAnWorks_install_oint: 0:11:13.230999
StAnWorks_install_cppc: 0:04:10.930564
StAnWorks_install_cc: 0:02:47.069739
