ListWorksALL: 0:02:09.200524
StAnWorks_install_pvs: 0:00:09.882197
StAnWorks_install_oint: 0:12:51.562186
StAnWorks_install_cppc: 0:04:32.900988
StAnWorks_install_cc: 0:03:14.341428
