ListWorksALL: 0:00:36.007684
StAnWorks_install_pvs: 0:00:08.468506
StAnWorks_install_oint: 0:11:09.987840
StAnWorks_install_cppc: 0:03:51.500316
StAnWorks_install_cc: 0:03:36.269015
