ListWorksALL: 0:02:03.635513
StAnWorks_install_pvs: 0:00:19.414526
StAnWorks_install_oint: 0:11:11.971731
StAnWorks_install_cppc: 0:04:17.407267
StAnWorks_install_cc: 0:02:56.847555
StAnWorks_install_cq: 0:00:17.629921
