ListWorksALL: 0:02:00.138879
StAnWorks_install_pvs: 0:00:12.684946
StAnWorks_install_oint: 0:12:20.558630
StAnWorks_install_cppc: 0:04:24.060081
StAnWorks_install_cc: 0:02:58.416565
