ListWorksALL: 0:02:20.766601
StAnWorks_install_pvs: 0:00:13.989221
StAnWorks_install_oint: 0:13:13.037733
StAnWorks_install_cppc: 0:04:37.801355
StAnWorks_install_cc: 0:03:16.984989
StAnWorks_install_cq: 0:00:21.292479
StAnWorks_works_pvs_on_test4: 0:00:00.000015
StAnWorks_works_oint_on_test4: 0:11:06.958575
StAnWorks_works_cc_on_test4: 0:00:00.000013
StAnWorks_works_cppc_on_test4: 4:02:36.741967
