ListWorksALL: 0:01:55.715473
StAnWorks_install_pvs: 0:00:11.851754
StAnWorks_install_oint: 0:09:49.309404
StAnWorks_install_cppc: 0:03:42.613285
StAnWorks_install_cc: 0:02:25.893589
StAnWorks_install_cq: 0:00:15.780998
StAnWorks_works_pvs_on_newtest3: 0:00:00.000011
StAnWorks_works_oint_on_newtest3: 0:00:00.000011
StAnWorks_works_cc_on_newtest3: 0:00:00.000010
StAnWorks_works_cppc_on_newtest3: 4:01:54.931078
StAnWorks_works_cq_on_newtest3: 0:06:08.766458
