ListWorksALL: 0:02:04.854712
StAnWorks_install_pvs: 0:00:10.655639
StAnWorks_install_oint: 0:10:35.270664
StAnWorks_install_cppc: 0:03:40.063837
StAnWorks_install_cc: 0:02:56.030993
