ListWorksALL: 0:00:13.753269
StAnWorks_install_pvs: 0:00:09.953391
StAnWorks_install_oint: 0:08:41.686582
StAnWorks_install_cppc: 0:03:15.782840
StAnWorks_install_cc: 0:02:45.360579
StAnWorks_works_pvs_on_smalltmp: 0:09:56.911227
