ListWorksALL: 0:00:52.127729
StAnWorks_install_pvs: 0:00:09.466876
StAnWorks_install_oint: 0:12:53.762030
StAnWorks_install_cppc: 0:00:20.190565
StAnWorks_install_cc: 0:04:17.082221
