ListWorksALL: 0:00:52.569974
StAnWorks_install_pvs: 0:00:10.567510
StAnWorks_install_oint: 0:13:22.587843
StAnWorks_install_cppc: 0:00:22.649533
StAnWorks_install_cc: 0:04:10.150004
StAnWorks_install_cq: 0:01:17.625084
StAnWorks_works_pvs_on_m060822p2: 0:00:00.000022
StAnWorks_works_cq_on_m060822p2: 0:00:00.000012
StAnWorks_install_pvs: 0:00:23.749222
StAnWorks_install_cq: 0:00:35.365315
