ListWorksALL: 0:01:13.564076
StAnWorks_install_pvs: 0:00:15.753865
StAnWorks_install_oint: 0:08:05.717959
StAnWorks_install_cppc: 0:03:20.177672
StAnWorks_install_cc: 0:02:59.371725
StAnWorks_works_pvs_on_test6: 0:00:00.000024
