ListWorksALL: 0:02:07.580400
StAnWorks_install_pvs: 0:00:12.542965
StAnWorks_install_oint: 0:12:34.009139
StAnWorks_install_cppc: 0:04:08.517107
StAnWorks_install_cc: 0:03:19.750297
StAnWorks_install_cq: 0:00:19.818405
StAnWorks_works_pvs_on_290321oft3: 0:02:16.863621
StAnWorks_works_oint_on_290321oft3: 0:02:13.372095
