ListWorksALL: 0:00:09.124753
StAnWorks_install_pvs: 0:00:07.259398
StAnWorks_install_oint: 0:10:18.145206
StAnWorks_install_cppc: 0:03:41.672854
StAnWorks_install_cc: 0:03:08.110874
StAnWorks_install_cq: 0:00:27.631093
