ListWorksALL: 0:01:29.437351
StAnWorks_install_pvs: 0:00:15.722013
StAnWorks_install_oint: 0:08:56.615748
StAnWorks_install_cppc: 0:03:39.991055
StAnWorks_install_cc: 0:03:15.766677
StAnWorks_install_cq: 0:00:21.326936
