ListWorksALL: 0:00:21.518559
StAnWorks_install_pvs: 0:00:09.292451
StAnWorks_install_oint: 0:10:17.249463
StAnWorks_install_cppc: 0:00:20.467922
StAnWorks_install_cc: 0:04:00.362411
StAnWorks_install_cq: 0:00:35.759451
StAnWorks_works_pvs_on_m120822p3: 4:00:40.897035
StAnWorks_install_pvs: 0:00:26.494928
StAnWorks_install_cq: 0:00:52.349315
StAnWorks_works_pvs_on_m060822p2: 0:00:00.000011
StAnWorks_works_cq_on_m060822p2: 4:00:51.958177
StAnWorks_works_pvs_on_newDesc230722p1: 0:13:14.014229
