ListWorksALL: 0:00:07.390340
StAnWorks_install_pvs: 0:00:07.488844
StAnWorks_install_oint: 0:10:45.781640
StAnWorks_install_cppc: 0:03:56.936844
StAnWorks_install_cc: 0:03:25.183615
StAnWorks_install_cq: 0:00:28.321306
StAnWorks_works_pvs_on_m240622p15: 0:00:00.000012
