ListWorksALL: 0:00:35.133289
StAnWorks_install_pvs: 0:00:09.569815
StAnWorks_install_oint: 0:11:10.064298
StAnWorks_install_cppc: 0:00:21.262631
StAnWorks_install_cc: 0:04:07.578193
StAnWorks_install_cq: 0:00:52.880130
