ListWorksALL: 0:02:12.970368
StAnWorks_install_pvs: 0:00:13.257941
StAnWorks_install_oint: 0:12:51.162993
StAnWorks_install_cppc: 0:04:29.814491
StAnWorks_install_cc: 0:03:11.719373
StAnWorks_install_cq: 0:00:17.809851
StAnWorks_works_pvs_on_210321oft3: 0:00:00.000049
StAnWorks_works_oint_on_210321oft3: 0:00:00.000014
StAnWorks_works_cc_on_210321oft3: 0:00:00.000014
StAnWorks_works_cppc_on_210321oft3: 0:00:00.000014
StAnWorks_works_cq_on_210321oft3: 2:52:42.525149
