ListWorksALL: 0:02:11.318604
StAnWorks_install_pvs: 0:00:13.139562
StAnWorks_install_oint: 0:14:05.259324
StAnWorks_install_cppc: 0:04:47.968650
StAnWorks_install_cc: 0:03:55.706997
StAnWorks_install_cq: 0:00:24.713952
