ListWorksALL: 0:02:11.318604
StAnWorks_install_pvs: 0:00:13.139562
StAnWorks_install_oint: 0:14:05.259324
StAnWorks_install_cppc: 0:04:47.968650
StAnWorks_install_cc: 0:03:55.706997
StAnWorks_install_cq: 0:00:24.713952
StAnWorks_works_pvs_on_150321oft2: 0:00:00.000016
StAnWorks_works_oint_on_150321oft2: 1:11:02.349340
StAnWorks_works_cc_on_150321oft2: 0:00:00.000013
StAnWorks_works_cppc_on_150321oft2: 0:00:00.000013
StAnWorks_works_cq_on_150321oft2: 4:02:17.846758
StAnWorks_works_pvs_on_290321oft3: 0:02:27.250548
