ListWorksALL: 0:02:02.186819
StAnWorks_install_pvs: 0:00:09.338577
StAnWorks_install_oint: 0:11:53.469863
StAnWorks_install_cppc: 0:04:10.078105
StAnWorks_install_cc: 0:02:59.194469
StAnWorks_install_cq: 0:00:18.768686
StAnWorks_works_pvs_on_210321oft3: 0:00:00.000015
StAnWorks_works_oint_on_210321oft3: 0:00:00.000019
StAnWorks_works_cc_on_210321oft3: 0:00:00.000019
