ListWorksALL: 0:00:29.568677
StAnWorks_install_pvs: 0:00:08.107544
StAnWorks_install_oint: 0:10:52.409593
StAnWorks_install_cppc: 0:03:50.261247
StAnWorks_install_cc: 0:03:38.584440
StAnWorks_install_cq: 0:00:27.904866
StAnWorks_works_pvs_on_m060822p2: 0:00:00.000013
StAnWorks_works_cq_on_m060822p2: 0:00:00.000012
StAnWorks_works_oint_on_m060822p2: 2:58:44.742859
