ListWorksALL: 0:00:57.725347
StAnWorks_install_pvs: 0:00:09.486139
StAnWorks_install_oint: 0:13:04.589346
StAnWorks_install_cppc: 0:00:21.146712
StAnWorks_install_cc: 0:04:09.907985
StAnWorks_install_cq: 0:00:37.079056
StAnWorks_works_pvs_on_m120822p3: 0:00:00.000016
StAnWorks_works_cq_on_m120822p3: 0:00:00.000013
StAnWorks_works_oint_on_m120822p3: 0:01:27.191034
StAnWorks_works_cc_on_m120822p3: 0:00:00.000014
