ListWorksALL: 0:02:23.810142
StAnWorks_install_pvs: 0:00:11.828346
StAnWorks_install_oint: 0:13:52.756979
StAnWorks_install_cppc: 0:04:53.479427
StAnWorks_install_cc: 0:03:48.466045
StAnWorks_install_cq: 0:00:19.637088
StAnWorks_works_pvs_on_210321oft3: 0:00:00.000015
