ListWorksALL: 0:01:58.910973
StAnWorks_install_pvs: 0:00:11.981698
StAnWorks_install_oint: 0:11:06.396143
StAnWorks_install_cppc: 0:04:10.529506
StAnWorks_install_cc: 0:02:46.624691
