ListWorksALL: 0:02:20.331773
StAnWorks_install_pvs: 0:00:11.423463
StAnWorks_install_oint: 0:10:00.536068
StAnWorks_install_cppc: 0:03:39.719217
StAnWorks_install_cc: 0:02:52.826576
StAnWorks_install_cq: 0:00:17.567250
