ListWorksALL: 0:01:51.028751
StAnWorks_install_pvs: 0:00:13.933847
StAnWorks_install_oint: 0:08:06.205762
StAnWorks_install_cppc: 0:03:23.227448
StAnWorks_install_cc: 0:02:59.124979
