ListWorksALL: 0:02:28.359975
StAnWorks_install_pvs: 0:00:11.728998
StAnWorks_install_oint: 0:12:47.147461
StAnWorks_install_cppc: 0:04:14.089452
StAnWorks_install_cc: 0:03:27.199107
StAnWorks_install_cq: 0:00:19.126474
StAnWorks_works_pvs_on_newtest3: 0:00:00.000013
