ListWorksALL: 0:01:56.345959
StAnWorks_install_pvs: 0:00:09.369078
StAnWorks_install_oint: 0:11:30.530266
StAnWorks_install_cppc: 0:03:44.871600
StAnWorks_install_cc: 0:03:04.789437
