ListWorksALL: 0:02:14.485354
StAnWorks_install_pvs: 0:00:14.007184
StAnWorks_install_oint: 0:11:29.003883
StAnWorks_install_cppc: 0:04:16.637459
StAnWorks_install_cc: 0:02:54.495345
StAnWorks_install_cq: 0:00:18.846115
