ListWorksALL: 0:00:30.068017
StAnWorks_install_pvs: 0:00:07.877635
StAnWorks_install_oint: 0:10:30.343062
StAnWorks_install_cppc: 0:03:44.218731
StAnWorks_install_cc: 0:03:37.776303
