ListWorksALL: 0:02:42.503768
StAnWorks_install_pvs: 0:00:11.214481
StAnWorks_install_oint: 0:12:56.093931
StAnWorks_install_cppc: 0:04:19.612140
StAnWorks_install_cc: 0:03:27.328693
StAnWorks_install_cq: 0:00:19.015159
StAnWorks_works_pvs_on_100421oft4: 0:00:00.000013
StAnWorks_works_oint_on_100421oft4: 0:02:38.094567
StAnWorks_works_cc_on_100421oft4: 0:00:00.000013
StAnWorks_works_cppc_on_100421oft4: 0:28:34.930116
StAnWorks_works_cq_on_100421oft4: 0:33:12.440272
StAnWorks_works_pvs_on_290321oft3: 0:02:47.771641
StAnWorks_works_oint_on_290321oft3: 0:02:22.098817
StAnWorks_works_cc_on_290321oft3: 4:02:33.850657
