ListWorksALL: 0:00:34.168439
StAnWorks_install_pvs: 0:00:27.549936
StAnWorks_install_oint: 0:12:29.892429
StAnWorks_install_cppc: 0:04:12.966629
StAnWorks_install_cc: 0:04:14.158110
StAnWorks_install_cq: 0:00:31.587016
