ListWorksALL: 0:01:55.251898
StAnWorks_install_pvs: 0:00:11.180367
StAnWorks_install_oint: 0:09:41.726047
StAnWorks_install_cppc: 0:03:44.276454
StAnWorks_install_cc: 0:03:21.929041
StAnWorks_install_cq: 0:00:19.962115
