ListWorksALL: 0:02:03.837768
StAnWorks_install_pvs: 0:00:11.556169
StAnWorks_install_oint: 0:12:24.844178
StAnWorks_install_cppc: 0:04:14.039177
StAnWorks_install_cc: 0:03:30.027182
StAnWorks_install_cq: 0:00:17.170864
StAnWorks_works_pvs_on_150321oft2: 0:00:00.000014
StAnWorks_works_oint_on_150321oft2: 1:02:32.477942
StAnWorks_works_cc_on_150321oft2: 0:00:00.000038
StAnWorks_works_cppc_on_150321oft2: 0:00:00.000013
StAnWorks_works_cq_on_150321oft2: 2:37:50.414670
