ListWorksALL: 0:02:12.045545
StAnWorks_install_pvs: 0:00:09.199618
StAnWorks_install_oint: 0:11:16.396205
StAnWorks_install_cppc: 0:03:57.439583
StAnWorks_install_cc: 0:03:02.200851
StAnWorks_install_cq: 0:00:19.894144
StAnWorks_works_pvs_on_150321oft2: 0:00:00.000012
