ListWorksALL: 0:00:53.012712
StAnWorks_install_pvs: 0:00:08.129677
StAnWorks_install_oint: 0:10:09.771127
StAnWorks_install_cppc: 0:00:17.786289
StAnWorks_install_cc: 0:03:18.143157
StAnWorks_install_cq: 0:00:33.142092
StAnWorks_works_pvs_on_m120822p3: 0:00:00.000012
StAnWorks_works_cq_on_m120822p3: 0:00:00.000010
StAnWorks_works_oint_on_m120822p3: 0:01:15.749983
StAnWorks_works_cc_on_m120822p3: 4:01:20.848479
