ListWorksALL: 0:01:40.462361
StAnWorks_install_pvs: 0:00:13.489607
StAnWorks_install_oint: 0:12:33.071686
StAnWorks_install_cppc: 0:04:31.634653
StAnWorks_install_cc: 0:02:58.737087
