ListWorksALL: 0:02:00.874211
StAnWorks_install_pvs: 0:00:11.298060
StAnWorks_install_oint: 0:10:21.375184
StAnWorks_install_cppc: 0:04:05.613340
StAnWorks_install_cc: 0:03:37.756062
