ListWorksALL: 0:00:10.518115
StAnWorks_install_pvs: 0:00:08.247851
StAnWorks_install_oint: 0:14:12.123540
StAnWorks_install_cppc: 0:04:52.862513
StAnWorks_install_cc: 0:04:47.912473
StAnWorks_install_cq: 0:00:30.883821
StAnWorks_install_pvs: 0:00:22.921817
StAnWorks_install_cq: 0:01:25.193853
StAnWorks_install_pvs: 0:00:19.784222
StAnWorks_install_cq: 0:00:27.980293
StAnWorks_install_pvs: 0:00:18.326951
StAnWorks_install_cq: 0:00:45.022568
