ListWorksALL: 0:02:15.629306
StAnWorks_install_pvs: 0:00:10.732525
StAnWorks_install_oint: 0:11:31.955245
StAnWorks_install_cppc: 0:04:06.585242
StAnWorks_install_cc: 0:03:10.749776
