ListWorksALL: 0:02:10.354610
StAnWorks_install_pvs: 0:00:11.204684
StAnWorks_install_oint: 0:13:05.070895
StAnWorks_install_cppc: 0:04:21.431861
StAnWorks_install_cc: 0:03:28.252768
StAnWorks_install_cq: 0:00:19.592561
