ListWorksALL: 0:01:24.907705
StAnWorks_install_pvs: 0:00:19.772162
StAnWorks_install_oint: 0:09:08.366143
StAnWorks_install_cppc: 0:03:44.848130
StAnWorks_install_cc: 0:03:19.003303
StAnWorks_install_cq: 0:00:18.323675
StAnWorks_works_pvs_on_test1: 0:00:00.000030
