ListWorksALL: 0:00:55.592965
StAnWorks_install_pvs: 0:00:09.021975
StAnWorks_install_oint: 0:10:30.804704
StAnWorks_install_cppc: 0:00:18.292272
StAnWorks_install_cc: 0:03:15.468668
StAnWorks_install_cq: 0:01:00.190746
StAnWorks_works_pvs_on_m120822p3: 0:00:00.000011
StAnWorks_works_cq_on_m120822p3: 0:00:00.000011
StAnWorks_works_oint_on_m120822p3: 0:01:18.105269
