ListWorksALL: 0:01:00.505863
StAnWorks_install_pvs: 0:00:08.530608
StAnWorks_install_oint: 0:10:55.297219
StAnWorks_install_cppc: 0:03:43.309031
StAnWorks_install_cc: 0:03:15.064260
StAnWorks_install_cq: 0:00:31.146427
StAnWorks_works_pvs_on_200522p10: 0:00:00.000011
