ListWorksALL: 0:02:13.787479
StAnWorks_install_pvs: 0:00:03.696254
StAnWorks_install_oint: 0:13:51.011674
StAnWorks_install_cppc: 0:04:48.317305
StAnWorks_install_cc: 0:03:57.918193
StAnWorks_install_cq: 0:00:19.861170
StAnWorks_works_pvs_on_220221oft: 0:00:00.000016
StAnWorks_works_oint_on_220221oft: 0:02:42.094652
StAnWorks_works_cc_on_220221oft: 0:00:00.000019
StAnWorks_works_cppc_on_220221oft: 4:02:20.046508
StAnWorks_works_cq_on_220221oft: 0:00:00.000016
StAnWorks_works_pvs_on_280221oft: 0:02:53.438757
StAnWorks_works_oint_on_280221oft: 0:02:20.994107
StAnWorks_works_cc_on_280221oft: 0:00:00.000015
StAnWorks_works_cppc_on_280221oft: 0:00:00.000015
StAnWorks_works_cq_on_280221oft: 0:00:00.000015
StAnWorks_works_pvs_on_210321oft3: 0:07:29.965494
