ListWorksALL: 0:00:56.775739
StAnWorks_install_pvs: 0:00:09.336327
StAnWorks_install_oint: 0:11:20.553502
StAnWorks_install_cppc: 0:00:16.811596
StAnWorks_install_cc: 0:03:39.054967
StAnWorks_install_cq: 0:00:41.175154
StAnWorks_works_pvs_on_m060822p2: 0:00:00.000013
StAnWorks_works_cq_on_m060822p2: 0:00:00.000011
