ListWorksALL: 0:01:00.990323
StAnWorks_install_pvs: 0:00:11.426288
StAnWorks_install_oint: 0:15:06.917395
StAnWorks_install_cppc: 0:00:19.541246
StAnWorks_install_cc: 0:05:00.866788
