ListWorksALL: 0:00:39.934375
StAnWorks_install_pvs: 0:00:08.853230
StAnWorks_install_oint: 0:10:29.673246
StAnWorks_install_cppc: 0:00:17.101715
StAnWorks_install_cc: 0:03:29.845880
