ListWorksALL: 0:01:58.014546
StAnWorks_install_pvs: 0:00:49.788622
StAnWorks_install_oint: 0:10:43.212461
StAnWorks_install_cppc: 0:03:39.293204
StAnWorks_install_cc: 0:02:45.590539
StAnWorks_install_cq: 0:00:18.540110
StAnWorks_works_pvs_on_280221oft: 0:00:00.000017
StAnWorks_works_oint_on_280221oft: 0:02:22.843514
StAnWorks_works_cc_on_280221oft: 1:44:41.401187
