ListWorksALL: 0:02:14.499537
StAnWorks_install_pvs: 0:00:10.131840
StAnWorks_install_oint: 0:11:43.786429
StAnWorks_install_cppc: 0:04:19.569868
StAnWorks_install_cc: 0:03:21.315932
StAnWorks_install_cq: 0:00:17.854005
StAnWorks_works_pvs_on_060321oft2: 0:00:00.000018
StAnWorks_works_oint_on_060321oft2: 0:00:00.000011
StAnWorks_works_cc_on_060321oft2: 0:00:00.000011
