ListWorksALL: 0:01:59.733629
StAnWorks_install_pvs: 0:00:10.111805
StAnWorks_install_oint: 0:10:04.495846
StAnWorks_install_cppc: 0:03:38.996939
StAnWorks_install_cc: 0:02:50.985523
StAnWorks_install_cq: 0:00:18.778893
StAnWorks_works_pvs_on_290321oft3: 0:00:00.000012
StAnWorks_works_oint_on_290321oft3: 0:02:09.296995
StAnWorks_works_cc_on_290321oft3: 0:00:00.000013
StAnWorks_works_cppc_on_290321oft3: 0:00:00.000015
StAnWorks_works_cq_on_290321oft3: 3:15:48.066245
StAnWorks_works_pvs_on_220221oft: 0:02:21.128450
