ListWorksALL: 0:00:54.398089
StAnWorks_install_pvs: 0:00:09.257663
StAnWorks_install_oint: 0:12:02.998573
StAnWorks_install_cppc: 0:00:18.976393
StAnWorks_install_cc: 0:03:56.728958
