ListWorksALL: 0:00:43.934789
StAnWorks_install_pvs: 0:00:09.563009
StAnWorks_install_oint: 0:10:29.406365
StAnWorks_install_cppc: 0:00:18.698286
StAnWorks_install_cc: 0:03:29.314210
StAnWorks_install_cq: 0:00:30.813104
