ListWorksALL: 0:01:12.203051
StAnWorks_install_pvs: 0:00:14.220261
StAnWorks_install_oint: 0:07:57.892086
StAnWorks_install_cppc: 0:03:17.342524
StAnWorks_install_cc: 0:02:53.026212
StAnWorks_install_cq: 0:00:16.203295
StAnWorks_works_pvs_on_test1: 0:00:00.000027
