ListWorksALL: 0:02:35.515509
StAnWorks_install_pvs: 0:00:12.524837
StAnWorks_install_oint: 0:14:36.630099
StAnWorks_install_cppc: 0:05:12.533977
StAnWorks_install_cc: 0:00:56.514629
