ListWorksALL: 0:02:13.198892
StAnWorks_install_pvs: 0:00:10.534439
StAnWorks_install_oint: 0:11:48.461638
StAnWorks_install_cppc: 0:03:56.833994
StAnWorks_install_cc: 0:00:41.479075
