ListWorksALL: 0:00:25.993489
StAnWorks_install_pvs: 0:00:07.249991
StAnWorks_install_oint: 0:10:41.714479
StAnWorks_install_cppc: 0:03:56.941939
StAnWorks_install_cc: 0:03:38.318041
StAnWorks_install_cq: 0:00:29.062579
