ListWorksALL: 0:02:12.970368
StAnWorks_install_pvs: 0:00:13.257941
StAnWorks_install_oint: 0:12:51.162993
StAnWorks_install_cppc: 0:04:29.814491
StAnWorks_install_cc: 0:03:11.719373
StAnWorks_install_cq: 0:00:17.809851
