ListWorksALL: 0:00:43.676999
StAnWorks_install_pvs: 0:00:08.113331
StAnWorks_install_oint: 0:08:27.030348
StAnWorks_install_cppc: 0:00:18.600578
StAnWorks_install_cc: 0:03:14.688287
StAnWorks_install_cq: 0:00:35.873177
StAnWorks_works_pvs_on_m120822p3: 0:00:00.000011
StAnWorks_works_cq_on_m120822p3: 0:00:00.000009
StAnWorks_works_oint_on_m120822p3: 0:45:01.712041
StAnWorks_works_cc_on_m120822p3: 0:00:00.000010
StAnWorks_works_cppc_on_m120822p3: 0:41:09.939844
