ListWorksALL: 0:01:30.745587
StAnWorks_install_pvs: 0:00:13.312958
StAnWorks_install_oint: 0:08:38.465524
StAnWorks_install_cppc: 0:03:14.748926
StAnWorks_install_cc: 0:02:47.081167
StAnWorks_install_cq: 0:00:19.250819
