ListWorksALL: 0:02:18.153311
StAnWorks_install_pvs: 0:00:11.361511
StAnWorks_install_oint: 0:14:14.759033
StAnWorks_install_cppc: 0:04:50.505749
StAnWorks_install_cc: 0:03:49.033825
StAnWorks_install_cq: 0:00:20.806067
StAnWorks_works_pvs_on_210321oft3: 0:00:00.000013
StAnWorks_works_oint_on_210321oft3: 0:00:00.000013
StAnWorks_works_cc_on_210321oft3: 0:00:00.000015
