ListWorksALL: 0:00:11.519658
StAnWorks_install_pvs: 0:00:12.082276
StAnWorks_install_oint: 0:10:57.671254
StAnWorks_install_cppc: 0:04:25.600713
StAnWorks_install_cc: 0:03:50.297630
StAnWorks_works_pvs_on_smalltmp: 0:00:00.000024
StAnWorks_works_oint_on_smalltmp: 0:00:00.000030
StAnWorks_works_cc_on_smalltmp: 0:00:24.291519
StAnWorks_works_cppc_on_smalltmp: 0:00:00.000023
