ListWorksALL: 0:02:15.005959
StAnWorks_install_pvs: 0:00:12.340760
StAnWorks_install_oint: 0:12:04.494484
StAnWorks_install_cppc: 0:04:27.696652
StAnWorks_install_cc: 0:03:34.382030
StAnWorks_install_cq: 0:00:21.635641
StAnWorks_works_pvs_on_210321oft3: 0:00:00.000013
StAnWorks_works_oint_on_210321oft3: 0:00:00.000012
StAnWorks_works_cc_on_210321oft3: 0:00:00.000014
StAnWorks_works_cppc_on_210321oft3: 0:00:00.000012
StAnWorks_works_cq_on_210321oft3: 2:43:16.753244
StAnWorks_works_pvs_on_220221oft: 0:02:34.263380
StAnWorks_works_oint_on_220221oft: 0:02:26.229154
StAnWorks_works_cc_on_220221oft: 0:02:38.764792
