ListWorksALL: 0:01:55.229391
StAnWorks_install_pvs: 0:00:13.107493
StAnWorks_install_oint: 0:12:25.056321
StAnWorks_install_cppc: 0:04:27.490577
StAnWorks_install_cc: 0:02:59.620194
StAnWorks_install_cq: 0:00:18.311352
StAnWorks_works_pvs_on_210321oft3: 3:15:59.122007
StAnWorks_works_oint_on_210321oft3: 0:00:00.000026
