ListWorksALL: 0:00:58.485768
StAnWorks_install_pvs: 0:00:09.129555
StAnWorks_install_oint: 0:10:37.220276
StAnWorks_install_cppc: 0:03:40.164127
StAnWorks_install_cc: 0:03:21.731861
StAnWorks_install_cq: 0:00:30.209569
StAnWorks_works_pvs_on_m060822p2: 0:00:00.000012
