ListWorksALL: 0:02:11.135529
StAnWorks_install_pvs: 0:00:10.246122
StAnWorks_install_oint: 0:13:07.903570
StAnWorks_install_cppc: 0:04:26.385613
StAnWorks_install_cc: 0:03:30.778948
