ListWorksALL: 0:02:15.374365
StAnWorks_install_pvs: 0:00:18.854296
StAnWorks_install_oint: 0:11:40.361313
StAnWorks_install_cppc: 0:04:17.012296
StAnWorks_install_cc: 0:03:30.462140
