ListWorksALL: 0:00:30.882829
StAnWorks_install_pvs: 0:00:08.557850
StAnWorks_install_oint: 0:09:10.060906
StAnWorks_install_cppc: 0:00:18.153605
StAnWorks_install_cc: 0:03:33.078087
StAnWorks_install_cq: 0:00:39.798770
