ListWorksALL: 0:02:08.752674
StAnWorks_install_pvs: 0:00:11.002064
StAnWorks_install_oint: 0:12:47.586097
StAnWorks_install_cppc: 0:04:26.040749
StAnWorks_install_cc: 0:03:30.949394
StAnWorks_install_cq: 0:00:20.236108
