ListWorksALL: 0:02:25.832915
StAnWorks_install_pvs: 0:00:12.530880
StAnWorks_install_oint: 0:10:52.746390
StAnWorks_install_cppc: 0:04:06.776689
StAnWorks_install_cc: 0:02:45.898468
StAnWorks_install_cq: 0:00:20.037733
StAnWorks_works_pvs_on_290321oft3: 0:00:00.000016
StAnWorks_works_oint_on_290321oft3: 0:03:13.231608
