ListWorksALL: 0:00:50.064310
StAnWorks_install_pvs: 0:00:08.823830
StAnWorks_install_oint: 0:10:41.175893
StAnWorks_install_cppc: 0:00:17.929302
StAnWorks_install_cc: 0:03:19.491475
