ListWorksALL: 0:02:08.752674
StAnWorks_install_pvs: 0:00:11.002064
StAnWorks_install_oint: 0:12:47.586097
StAnWorks_install_cppc: 0:04:26.040749
StAnWorks_install_cc: 0:03:30.949394
StAnWorks_install_cq: 0:00:20.236108
StAnWorks_works_pvs_on_150321oft2: 0:00:00.000015
StAnWorks_works_oint_on_150321oft2: 1:04:26.421845
StAnWorks_works_cc_on_150321oft2: 0:00:00.000014
StAnWorks_works_cppc_on_150321oft2: 4:02:36.236083
