ListWorksALL: 0:02:34.367214
StAnWorks_install_pvs: 0:00:13.538295
StAnWorks_install_oint: 0:13:02.762579
StAnWorks_install_cppc: 0:04:44.488224
StAnWorks_install_cc: 0:03:12.018340
StAnWorks_install_cq: 0:00:19.787522
StAnWorks_works_pvs_on_test6: 0:00:00.000020
StAnWorks_works_oint_on_test6: 0:00:00.000013
StAnWorks_works_cc_on_test6: 0:00:00.000014
StAnWorks_works_cppc_on_test6: 4:02:15.452405
