ListWorksALL: 0:00:36.214498
StAnWorks_install_pvs: 0:00:08.554130
StAnWorks_install_oint: 0:10:28.864655
StAnWorks_install_cppc: 0:00:17.328518
StAnWorks_install_cc: 0:03:27.559839
StAnWorks_install_cq: 0:00:28.025627
StAnWorks_works_pvs_on_newDesc230722p1: 0:39:04.501830
StAnWorks_works_cq_on_newDesc230722p1: 1:30:53.810163
StAnWorks_works_oint_on_newDesc230722p1: 0:14:33.556995
StAnWorks_works_cc_on_newDesc230722p1: 0:36:35.669971
StAnWorks_works_cppc_on_newDesc230722p1: 0:03:16.245697
StAnWorks_install_pvs: 0:00:44.022258
StAnWorks_install_cq: 0:00:34.869043
StAnWorks_works_pvs_on_newDesc230722p1: 4:01:19.091150
StAnWorks_install_pvs: 0:00:46.901355
StAnWorks_install_cq: 0:01:22.307644
StAnWorks_works_pvs_on_m080722p17: 4:01:15.281317
StAnWorks_install_pvs: 0:00:34.330733
StAnWorks_install_cq: 0:00:49.293851
StAnWorks_works_pvs_on_m200822p4: 0:01:30.133937
StAnWorks_works_cq_on_m200822p4: 1:17:55.955114
StAnWorks_works_pvs_on_m120822p3: 0:14:03.049895
