ListWorksALL: 0:02:13.036106
StAnWorks_install_pvs: 0:00:21.289669
StAnWorks_install_oint: 0:11:16.440708
StAnWorks_install_cppc: 0:04:12.250153
StAnWorks_install_cc: 0:02:48.868697
