ListWorksALL: 0:02:05.087046
StAnWorks_install_pvs: 0:00:12.915962
StAnWorks_install_oint: 0:11:46.191197
StAnWorks_install_cppc: 0:04:04.830377
StAnWorks_install_cc: 0:02:53.919836
