ListWorksALL: 0:00:21.518559
StAnWorks_install_pvs: 0:00:09.292451
StAnWorks_install_oint: 0:10:17.249463
StAnWorks_install_cppc: 0:00:20.467922
StAnWorks_install_cc: 0:04:00.362411
