ListWorksALL: 0:01:56.664996
StAnWorks_install_pvs: 0:00:10.374181
StAnWorks_install_oint: 0:10:57.192259
StAnWorks_install_cppc: 0:04:10.638681
StAnWorks_install_cc: 0:02:42.620662
StAnWorks_install_cq: 0:00:17.414635
StAnWorks_works_pvs_on_test5: 0:00:00.000013
