ListWorksALL: 0:00:43.934789
StAnWorks_install_pvs: 0:00:09.563009
StAnWorks_install_oint: 0:10:29.406365
StAnWorks_install_cppc: 0:00:18.698286
StAnWorks_install_cc: 0:03:29.314210
StAnWorks_install_cq: 0:00:30.813104
StAnWorks_works_pvs_on_newDesc230722p1: 0:00:00.000013
StAnWorks_works_cq_on_newDesc230722p1: 0:00:00.000010
StAnWorks_works_oint_on_newDesc230722p1: 0:01:39.627951
StAnWorks_works_cc_on_newDesc230722p1: 0:00:00.000011
StAnWorks_works_cppc_on_newDesc230722p1: 0:03:35.648471
