ListWorksALL: 0:01:12.203051
StAnWorks_install_pvs: 0:00:14.220261
StAnWorks_install_oint: 0:07:57.892086
StAnWorks_install_cppc: 0:03:17.342524
StAnWorks_install_cc: 0:02:53.026212
StAnWorks_install_cq: 0:00:16.203295
StAnWorks_works_pvs_on_test1: 0:00:00.000027
StAnWorks_works_oint_on_test1: 0:02:35.666246
StAnWorks_works_cc_on_test1: 0:00:00.000018
StAnWorks_works_cppc_on_test1: 0:00:00.000022
StAnWorks_works_cq_on_test1: 2:09:49.921024
StAnWorks_works_pvs_on_newtest3: 0:11:21.408012
