ListWorksALL: 0:00:35.004928
StAnWorks_install_pvs: 0:00:13.328415
StAnWorks_install_oint: 0:10:28.278473
StAnWorks_install_cppc: 0:04:10.930118
StAnWorks_install_cc: 0:03:42.617289
StAnWorks_works_pvs_on_newtest3: 0:00:00.000020
StAnWorks_works_oint_on_newtest3: 0:00:00.000023
