ListWorksALL: 0:02:07.605044
StAnWorks_install_pvs: 0:00:08.200830
StAnWorks_install_oint: 0:12:52.256942
StAnWorks_install_cppc: 0:04:18.926004
StAnWorks_install_cc: 0:03:26.298539
StAnWorks_install_cq: 0:00:18.092989
StAnWorks_works_pvs_on_220221oft: 0:00:00.000020
