ListWorksALL: 0:02:14.566140
StAnWorks_install_pvs: 0:00:09.926313
StAnWorks_install_oint: 0:11:13.915018
StAnWorks_install_cppc: 0:04:07.678111
StAnWorks_install_cc: 0:03:17.460920
