ListWorksALL: 0:02:03.661012
StAnWorks_install_pvs: 0:00:18.525755
StAnWorks_install_oint: 0:12:45.500289
StAnWorks_install_cppc: 0:04:38.634798
StAnWorks_install_cc: 0:03:06.719325
StAnWorks_install_cq: 0:00:19.490948
StAnWorks_works_pvs_on_test6: 0:00:00.000029
StAnWorks_works_oint_on_test6: 0:00:00.000013
StAnWorks_works_cc_on_test6: 0:00:00.000035
StAnWorks_works_cppc_on_test6: 4:02:04.351399
