ListWorksALL: 0:00:32.842950
StAnWorks_install_pvs: 0:00:08.546003
StAnWorks_install_oint: 0:10:48.365825
StAnWorks_install_cppc: 0:03:54.809932
StAnWorks_install_cc: 0:03:26.548325
StAnWorks_install_cq: 0:00:46.144207
StAnWorks_works_pvs_on_200522p10: 0:00:00.000013
StAnWorks_works_cq_on_200522p10: 0:00:00.000012
StAnWorks_works_oint_on_200522p10: 0:11:46.801286
StAnWorks_works_cc_on_200522p10: 0:00:00.000014
StAnWorks_works_cppc_on_200522p10: 4:00:33.759235
