ListWorksALL: 0:01:59.262274
StAnWorks_install_pvs: 0:00:11.395998
StAnWorks_install_oint: 0:11:58.878682
StAnWorks_install_cppc: 0:04:10.386220
StAnWorks_install_cc: 0:02:59.642069
StAnWorks_install_cq: 0:00:18.843131
