ListWorksALL: 0:00:47.851527
StAnWorks_install_pvs: 0:00:09.665052
StAnWorks_install_oint: 0:10:59.000491
StAnWorks_install_cppc: 0:00:17.638921
StAnWorks_install_cc: 0:03:42.521794
