ListWorksALL: 0:00:06.260002
StAnWorks_install_pvs: 0:00:09.355888
StAnWorks_install_oint: 0:15:12.931287
StAnWorks_install_cppc: 0:05:07.012424
StAnWorks_install_cc: 0:01:20.437730
StAnWorks_install_cq: 0:00:41.618013
StAnWorks_works_pvs_on_m180622p14: 0:00:00.000015
StAnWorks_works_cq_on_m180622p14: 0:00:00.000013
StAnWorks_works_oint_on_m180622p14: 0:43:13.383601
