ListWorksALL: 0:00:14.906698
StAnWorks_install_pvs: 0:00:08.212311
StAnWorks_install_oint: 0:10:22.076409
StAnWorks_install_cppc: 0:03:41.491072
StAnWorks_install_cc: 0:03:08.317044
