ListWorksALL: 0:02:05.384496
StAnWorks_install_pvs: 0:00:11.711628
StAnWorks_install_oint: 0:11:07.372050
StAnWorks_install_cppc: 0:03:56.837198
StAnWorks_install_cc: 0:03:09.352571
StAnWorks_install_cq: 0:00:19.911326
StAnWorks_works_pvs_on_220221oft: 0:00:00.000012
StAnWorks_works_oint_on_220221oft: 0:02:24.935763
