ListWorksALL: 0:02:06.432002
StAnWorks_install_pvs: 0:00:11.071375
StAnWorks_install_oint: 0:12:45.691008
StAnWorks_install_cppc: 0:04:20.166396
StAnWorks_install_cc: 0:03:34.162526
