ListWorksALL: 0:02:08.724853
StAnWorks_install_pvs: 0:00:09.257741
StAnWorks_install_oint: 0:12:32.968697
StAnWorks_install_cppc: 0:04:24.653793
StAnWorks_install_cc: 0:03:40.407335
StAnWorks_install_cq: 0:00:20.825752
