ListWorksALL: 0:00:16.360460
StAnWorks_install_pvs: 0:00:06.647401
StAnWorks_install_oint: 0:09:38.174507
StAnWorks_install_cppc: 0:03:47.697337
StAnWorks_install_cc: 0:03:20.348535
StAnWorks_works_pvs_on_test6: 0:00:00.000021
StAnWorks_works_oint_on_test6: 0:00:00.000019
StAnWorks_works_cc_on_test6: 4:00:48.264292
