ListWorksALL: 0:00:43.258822
StAnWorks_install_pvs: 0:00:05.322987
StAnWorks_install_oint: 0:10:12.790287
StAnWorks_install_cppc: 0:03:42.644931
StAnWorks_install_cc: 0:03:27.920182
StAnWorks_install_cq: 0:02:30.440396
