ListWorksALL: 0:00:41.737754
StAnWorks_install_pvs: 0:00:10.158159
StAnWorks_install_oint: 0:13:10.192368
StAnWorks_install_cppc: 0:00:20.828617
StAnWorks_install_cc: 0:04:12.895257
