ListWorksALL: 0:01:48.248393
StAnWorks_install_pvs: 0:00:11.317246
StAnWorks_install_oint: 0:08:07.641890
StAnWorks_install_cppc: 0:03:18.393659
StAnWorks_install_cc: 0:03:03.551818
StAnWorks_install_cq: 0:00:18.366422
StAnWorks_works_pvs_on_test4_1: 0:00:00.000026
StAnWorks_works_oint_on_test4_1: 0:00:00.000020
StAnWorks_works_cc_on_test4_1: 4:01:50.064879
