ListWorksALL: 0:00:30.268243
StAnWorks_install_pvs: 0:00:08.264771
StAnWorks_install_oint: 0:10:59.719429
StAnWorks_install_cppc: 0:03:57.798383
StAnWorks_install_cc: 0:03:35.032242
StAnWorks_install_cq: 0:00:29.172554
StAnWorks_works_pvs_on_m060822p2: 0:00:00.000013
StAnWorks_works_cq_on_m060822p2: 0:00:00.000012
