ListWorksALL: 0:00:41.515580
StAnWorks_install_pvs: 0:00:09.915033
StAnWorks_install_oint: 0:12:47.883200
StAnWorks_install_cppc: 0:00:20.933930
StAnWorks_install_cc: 0:04:07.548945
StAnWorks_install_cq: 0:00:33.463560
StAnWorks_works_pvs_on_m200822p4: 1:49:43.904263
StAnWorks_works_cq_on_m200822p4: 0:30:44.792750
