ListWorksALL: 0:02:09.649582
StAnWorks_install_pvs: 0:00:13.720447
StAnWorks_install_oint: 0:12:39.241603
StAnWorks_install_cppc: 0:04:33.951698
StAnWorks_install_cc: 0:02:57.990531
