ListWorksALL: 0:00:46.498193
StAnWorks_install_pvs: 0:00:11.358597
StAnWorks_install_oint: 0:12:29.091857
StAnWorks_install_cppc: 0:00:20.485493
StAnWorks_install_cc: 0:04:47.995036
StAnWorks_install_cq: 0:01:11.166769
