ListWorksALL: 0:01:58.673470
StAnWorks_install_pvs: 0:00:13.553216
StAnWorks_install_oint: 0:13:04.235751
StAnWorks_install_cppc: 0:04:40.581197
StAnWorks_install_cc: 0:03:07.353005
