ListWorksALL: 0:00:23.202855
StAnWorks_install_pvs: 0:00:09.166164
StAnWorks_install_oint: 0:12:53.082932
StAnWorks_install_cppc: 0:04:28.567571
StAnWorks_install_cc: 0:03:57.181510
StAnWorks_install_cq: 0:00:45.082949
