ListWorksALL: 0:02:27.100048
StAnWorks_install_pvs: 0:00:11.479248
StAnWorks_install_oint: 0:10:43.791635
StAnWorks_install_cppc: 0:03:50.107416
StAnWorks_install_cc: 0:03:19.259497
StAnWorks_install_cq: 0:00:16.910190
StAnWorks_works_pvs_on_150321oft2: 0:00:00.000012
StAnWorks_works_oint_on_150321oft2: 0:51:46.267857
StAnWorks_works_cc_on_150321oft2: 0:00:00.000013
StAnWorks_works_cppc_on_150321oft2: 4:02:17.179428
