ListWorksALL: 0:00:31.884162
StAnWorks_install_pvs: 0:00:08.110080
StAnWorks_install_oint: 0:08:53.074208
StAnWorks_install_cppc: 0:00:17.768141
StAnWorks_install_cc: 0:03:25.700965
StAnWorks_install_cq: 0:00:32.622955
