ListWorksALL: 0:02:06.670398
StAnWorks_install_pvs: 0:00:12.131037
StAnWorks_install_oint: 0:10:33.248200
StAnWorks_install_cppc: 0:03:36.784621
StAnWorks_install_cc: 0:03:00.190590
