ListWorksALL: 0:01:01.395335
StAnWorks_install_pvs: 0:00:07.905781
StAnWorks_install_oint: 0:10:26.274465
StAnWorks_install_cppc: 0:00:17.997038
StAnWorks_install_cc: 0:03:21.867948
StAnWorks_install_cq: 0:01:20.277744
StAnWorks_works_pvs_on_m060822p2: 0:00:00.000012
StAnWorks_works_cq_on_m060822p2: 4:01:18.292269
StAnWorks_install_pvs: 0:00:21.017794
StAnWorks_install_cq: 0:00:32.178309
StAnWorks_works_pvs_on_m060822p2: 4:01:28.789886
