ListWorksALL: 0:01:58.055746
StAnWorks_install_pvs: 0:00:11.905230
StAnWorks_install_oint: 0:12:40.501636
StAnWorks_install_cppc: 0:04:23.995569
StAnWorks_install_cc: 0:03:05.335593
StAnWorks_install_cq: 0:00:17.418080
