ListWorksALL: 0:01:04.495499
StAnWorks_install_pvs: 0:00:23.147047
StAnWorks_install_oint: 0:10:42.708153
StAnWorks_install_cppc: 0:04:18.295569
StAnWorks_install_cc: 0:03:52.970326
