ListWorksALL: 0:00:43.676999
StAnWorks_install_pvs: 0:00:08.113331
StAnWorks_install_oint: 0:08:27.030348
StAnWorks_install_cppc: 0:00:18.600578
StAnWorks_install_cc: 0:03:14.688287
