ListWorksALL: 0:02:23.810142
StAnWorks_install_pvs: 0:00:11.828346
StAnWorks_install_oint: 0:13:52.756979
StAnWorks_install_cppc: 0:04:53.479427
StAnWorks_install_cc: 0:03:48.466045
StAnWorks_install_cq: 0:00:19.637088
StAnWorks_works_pvs_on_210321oft3: 0:00:00.000015
StAnWorks_works_oint_on_210321oft3: 0:00:00.000013
StAnWorks_works_cc_on_210321oft3: 0:00:00.000015
StAnWorks_works_cppc_on_210321oft3: 4:02:25.287190
StAnWorks_works_cq_on_210321oft3: 0:25:22.218097
StAnWorks_works_pvs_on_test2: 0:00:00.000015
