ListWorksALL: 0:02:03.591821
StAnWorks_install_pvs: 0:00:10.768324
StAnWorks_install_oint: 0:12:19.596327
StAnWorks_install_cppc: 0:04:22.806770
StAnWorks_install_cc: 0:03:05.450916
StAnWorks_install_cq: 0:00:18.324247
StAnWorks_works_pvs_on_150321oft2: 0:00:00.000015
StAnWorks_works_oint_on_150321oft2: 1:00:36.945811
