ListWorksALL: 0:02:05.591099
StAnWorks_install_pvs: 0:00:09.728154
StAnWorks_install_oint: 0:12:42.020564
StAnWorks_install_cppc: 0:04:18.700996
StAnWorks_install_cc: 0:03:30.973726
