ListWorksALL: 0:02:04.000494
StAnWorks_install_pvs: 0:00:13.145593
StAnWorks_install_oint: 0:11:05.500071
StAnWorks_install_cppc: 0:03:52.759883
StAnWorks_install_cc: 0:02:38.341098
StAnWorks_install_cq: 0:00:18.658967
