ListWorksALL: 0:02:03.257874
StAnWorks_install_pvs: 0:00:19.597682
StAnWorks_install_oint: 0:12:55.501949
StAnWorks_install_cppc: 0:04:38.314355
StAnWorks_install_cc: 0:03:10.704337
StAnWorks_install_cq: 0:00:24.455189
StAnWorks_works_pvs_on_newtest3: 0:00:00.000016
StAnWorks_works_oint_on_newtest3: 0:00:00.000014
StAnWorks_works_cc_on_newtest3: 0:00:00.000015
