ListWorksALL: 0:01:57.618159
StAnWorks_install_pvs: 0:00:10.928937
StAnWorks_install_oint: 0:10:50.874044
StAnWorks_install_cppc: 0:03:42.600464
StAnWorks_install_cc: 0:02:56.727808
