ListWorksALL: 0:00:47.454865
StAnWorks_install_pvs: 0:00:09.847186
StAnWorks_install_oint: 0:15:10.045901
StAnWorks_install_cppc: 0:00:19.925026
StAnWorks_install_cc: 0:04:41.938754
StAnWorks_install_cq: 0:00:35.119537
StAnWorks_works_pvs_on_m120822p3: 0:00:00.000017
