ListWorksALL: 0:00:20.434842
StAnWorks_install_pvs: 0:00:07.652163
StAnWorks_install_oint: 0:08:25.392897
StAnWorks_install_cppc: 0:00:18.722572
StAnWorks_install_cc: 0:03:13.426724
StAnWorks_install_cq: 0:00:34.363464
StAnWorks_works_pvs_on_m200822p4: 0:00:00.000011
StAnWorks_works_cq_on_m200822p4: 0:00:00.000009
StAnWorks_works_oint_on_m200822p4: 0:07:45.866143
StAnWorks_works_cc_on_m200822p4: 0:00:00.000009
StAnWorks_works_cppc_on_m200822p4: 0:06:40.506640
StAnWorks_works_pvs_on_newDesc230722p1: 0:38:07.642572
StAnWorks_works_cq_on_newDesc230722p1: 1:28:29.444293
StAnWorks_works_oint_on_newDesc230722p1: 0:03:32.871529
StAnWorks_works_cc_on_newDesc230722p1: 0:46:14.979748
StAnWorks_works_cppc_on_newDesc230722p1: 0:03:11.866531
StAnWorks_install_pvs: 0:00:22.947524
StAnWorks_install_cq: 0:00:35.449889
StAnWorks_works_pvs_on_m120822p3: 0:00:00.000011
StAnWorks_works_cq_on_m120822p3: 4:00:31.957105
StAnWorks_works_pvs_on_m060822p2: 0:15:46.127168
StAnWorks_install_pvs: 0:00:23.198719
StAnWorks_install_cq: 0:00:35.050513
