ListWorksALL: 0:02:14.289840
StAnWorks_install_pvs: 0:00:09.521550
StAnWorks_install_oint: 0:13:38.771428
StAnWorks_install_cppc: 0:04:35.692018
StAnWorks_install_cc: 0:03:33.272099
StAnWorks_install_cq: 0:00:19.217550
StAnWorks_works_pvs_on_220221oft: 0:00:00.000015
StAnWorks_works_oint_on_220221oft: 0:02:31.886748
StAnWorks_works_cc_on_220221oft: 0:00:00.000013
