ListWorksALL: 0:02:27.967233
StAnWorks_install_pvs: 0:00:11.097112
StAnWorks_install_oint: 0:11:04.699850
StAnWorks_install_cppc: 0:04:04.662904
StAnWorks_install_cc: 0:02:46.827735
