ListWorksALL: 0:01:21.946821
StAnWorks_install_pvs: 0:00:13.792039
StAnWorks_install_oint: 0:10:32.274203
StAnWorks_install_cppc: 0:04:13.859467
StAnWorks_install_cc: 0:03:47.453236
StAnWorks_install_cq: 0:00:22.842431
StAnWorks_works_pvs_on_test3: 0:00:00.000043
StAnWorks_works_oint_on_test3: 0:00:00.000024
StAnWorks_works_cc_on_test3: 0:00:00.000021
StAnWorks_works_cppc_on_test3: 0:00:00.000021
StAnWorks_works_cq_on_test3: 2:53:00.248363
StAnWorks_works_pvs_on_test2: 0:00:00.000023
