ListWorksALL: 0:00:48.696414
StAnWorks_install_pvs: 0:00:08.964263
StAnWorks_install_oint: 0:10:18.677673
StAnWorks_install_cppc: 0:00:16.320494
StAnWorks_install_cc: 0:03:25.105473
StAnWorks_install_cq: 0:00:32.861500
StAnWorks_works_pvs_on_m200822p4: 0:00:00.000012
