ListWorksALL: 0:00:12.421432
StAnWorks_install_pvs: 0:00:08.794324
StAnWorks_install_oint: 0:10:57.336119
StAnWorks_install_cppc: 0:03:55.793813
StAnWorks_install_cc: 0:03:28.398547
