ListWorksALL: 0:01:33.999233
StAnWorks_install_pvs: 0:00:15.092508
StAnWorks_install_oint: 0:09:44.604893
StAnWorks_install_cppc: 0:03:46.577504
StAnWorks_install_cc: 0:03:24.851068
StAnWorks_install_cq: 0:00:19.805574
StAnWorks_works_pvs_on_test4: 0:00:00.000026
