ListWorksALL: 0:00:36.384628
StAnWorks_install_pvs: 0:00:13.516910
StAnWorks_install_oint: 0:09:02.497571
StAnWorks_install_cppc: 0:03:47.626876
StAnWorks_install_cc: 0:03:13.346407
StAnWorks_works_pvs_on_newtest3: 0:00:00.000019
StAnWorks_works_oint_on_newtest3: 0:00:00.000020
StAnWorks_works_cc_on_newtest3: 0:00:00.000020
