ListWorksALL: 0:01:57.562601
StAnWorks_install_pvs: 0:00:07.105672
StAnWorks_install_oint: 0:09:43.330292
StAnWorks_install_cppc: 0:03:31.498330
StAnWorks_install_cc: 0:02:42.554419
