ListWorksALL: 0:00:17.001658
StAnWorks_install_pvs: 0:00:12.956620
StAnWorks_install_oint: 0:09:15.881517
StAnWorks_install_cppc: 0:03:52.651453
StAnWorks_install_cc: 0:00:37.411244
StAnWorks_works_pvs_on_test5_1_1: 0:18:35.450081
StAnWorks_works_oint_on_test5_1_1: 0:09:41.302792
StAnWorks_works_cppc_on_test5_1_1: 3:50:16.508638
StAnWorks_works_cc_on_test5_1_1: 0:00:19.250212
StAnWorks_works_pvs_on_smalltmp: 0:11:24.946502
StAnWorks_works_oint_on_smalltmp: 0:04:38.037809
