ListWorksALL: 0:02:15.629306
StAnWorks_install_pvs: 0:00:10.732525
StAnWorks_install_oint: 0:11:31.955245
StAnWorks_install_cppc: 0:04:06.585242
StAnWorks_install_cc: 0:03:10.749776
StAnWorks_install_cq: 0:00:19.038034
StAnWorks_works_pvs_on_290321oft3: 0:00:00.000012
StAnWorks_works_oint_on_290321oft3: 0:02:25.840343
StAnWorks_works_cc_on_290321oft3: 4:02:26.277725
