ListWorksALL: 0:02:11.690095
StAnWorks_install_pvs: 0:00:10.548552
StAnWorks_install_oint: 0:12:51.265072
StAnWorks_install_cppc: 0:04:26.383127
StAnWorks_install_cc: 0:00:47.258999
