ListWorksALL: 0:02:15.646883
StAnWorks_install_pvs: 0:00:14.622278
StAnWorks_install_oint: 0:12:09.449677
StAnWorks_install_cppc: 0:04:10.207504
StAnWorks_install_cc: 0:02:56.532462
