ListWorksALL: 0:00:08.923815
StAnWorks_install_pvs: 0:00:07.267162
StAnWorks_install_oint: 0:10:27.320115
StAnWorks_install_cppc: 0:03:51.575470
StAnWorks_install_cc: 0:03:36.889777
StAnWorks_install_cq: 0:00:29.491432
StAnWorks_install_pvs: 0:00:32.793093
StAnWorks_install_cq: 0:00:31.483331
StAnWorks_works_pvs_on_newDesc230722p1: 0:05:13.424802
StAnWorks_works_cq_on_newDesc230722p1: 4:00:34.800001
