ListWorksALL: 0:03:00.406765
StAnWorks_install_pvs: 0:00:11.851522
StAnWorks_install_oint: 0:11:35.108444
StAnWorks_install_cppc: 0:04:08.645261
StAnWorks_install_cc: 0:03:14.505657
StAnWorks_install_cq: 0:00:18.574942
