ListWorksALL: 0:02:20.953366
StAnWorks_install_pvs: 0:00:13.698853
StAnWorks_install_oint: 0:12:58.569259
StAnWorks_install_cppc: 0:04:43.522531
StAnWorks_install_cc: 0:03:12.882050
StAnWorks_install_cq: 0:00:21.711202
StAnWorks_works_pvs_on_test1: 0:00:00.000016
