ListWorksALL: 0:02:17.053699
StAnWorks_install_pvs: 0:00:12.756269
StAnWorks_install_oint: 0:13:34.171536
StAnWorks_install_cppc: 0:04:33.354796
StAnWorks_install_cc: 0:03:42.917959
