ListWorksALL: 0:00:24.839019
StAnWorks_install_pvs: 0:00:15.843472
StAnWorks_install_oint: 0:10:34.878941
StAnWorks_install_cppc: 0:04:16.167648
StAnWorks_install_cc: 0:03:47.044135
StAnWorks_works_pvs_on_test4: 1:24:45.705351
StAnWorks_works_oint_on_test4: 0:40:17.223594
