ListWorksALL: 0:00:10.625763
StAnWorks_install_pvs: 0:00:09.604776
StAnWorks_install_oint: 0:13:23.704283
StAnWorks_install_cppc: 0:04:39.172610
StAnWorks_install_cc: 0:04:04.364080
StAnWorks_install_cq: 0:01:06.510652
StAnWorks_works_pvs_on_m240622p15: 0:00:00.000021
