ListWorksALL: 0:00:55.391071
StAnWorks_install_pvs: 0:00:11.464536
StAnWorks_install_oint: 0:15:14.083928
StAnWorks_install_cppc: 0:00:23.892421
StAnWorks_install_cc: 0:04:50.405050
StAnWorks_install_cq: 0:00:52.898527
StAnWorks_works_pvs_on_m120822p3: 0:00:00.000016
StAnWorks_works_cq_on_m120822p3: 0:00:00.000016
StAnWorks_works_oint_on_m120822p3: 0:01:34.274404
StAnWorks_install_pvs: 0:00:23.606935
StAnWorks_install_cq: 0:00:44.864087
