ListWorksALL: 0:01:54.267096
StAnWorks_install_pvs: 0:00:13.104145
StAnWorks_install_oint: 0:13:22.757543
StAnWorks_install_cppc: 0:04:42.829043
StAnWorks_install_cc: 0:03:06.666406
StAnWorks_install_cq: 0:00:18.802708
StAnWorks_works_pvs_on_290321oft3: 0:00:00.000015
StAnWorks_works_oint_on_290321oft3: 0:02:23.201251
StAnWorks_works_cc_on_290321oft3: 0:00:00.000014
