ListWorksALL: 0:00:38.988465
StAnWorks_install_pvs: 0:00:08.347695
StAnWorks_install_oint: 0:10:45.409603
StAnWorks_install_cppc: 0:03:52.943842
StAnWorks_install_cc: 0:03:20.885215
StAnWorks_install_cq: 0:00:36.127810
StAnWorks_works_pvs_on_m030622p12: 0:00:00.000010
StAnWorks_works_cq_on_m030622p12: 0:00:00.000011
StAnWorks_works_oint_on_m030622p12: 2:19:50.149644
