ListWorksALL: 0:02:11.471988
StAnWorks_install_pvs: 0:00:13.537456
StAnWorks_install_oint: 0:12:38.322543
StAnWorks_install_cppc: 0:04:33.197569
StAnWorks_install_cc: 0:03:05.539504
StAnWorks_install_cq: 0:00:19.333942
StAnWorks_works_pvs_on_220221oft: 0:00:00.000016
StAnWorks_works_oint_on_220221oft: 0:03:12.462159
StAnWorks_works_cc_on_220221oft: 0:00:00.000016
StAnWorks_works_cppc_on_220221oft: 4:02:15.669890
StAnWorks_works_cq_on_220221oft: 0:00:00.000015
